1/05/16 01:12:48 20 71 10.9 0.0 0.0 270 0.0 0.0 1006.9 W 0 km/h C hPa mm 1.5 0.0 15.8 158.6 0.7 22.9 66 16.2 -0.6 15.1 00:08 16.2 01:12 5.0 00:24 7.2 00:41 1007.1 00:09 1006.7 00:54 1.9.4 1099 2.5 16.2 17.9 0 0.00 0 288 0.0 16 0 0 WNW 655 m 16.5 0.0 0 012/05/16 01:12:48 20 71 10.9 0.0 0.0 270 0.0 0.0 1006.9 W 0 km/h C hPa mm 1.5 0.0 15.8 158.6 0.7 22.9 66 16.2 -0.6 17.1 00:08 16.2 01:12 5.0 00:24 7.2 00:41 1007.1 00:09 1006.7 00:54 1.9.4 1099 2.5 16.2 17.9 0 0.00 0 288 0.0 16 0 0 WNW 655 m 16.5 0.0 0 0 
12/05/16 01:12:48 20 71 10.9 0.0 0.0 270 0.0 0.0 1006.9 W 0 km/h C hPa mm 1.5 0.0 15.8 158.6 0.7 22.9 66 16.2 -0.6 17.1 00:08 16.2 01:12 5.0 00:24 7.2 00:41 1007.1 00:09 1006.7 00:54 1.9.4 1099 2.5 16.2 17.9 0 0.00 0 288 0.0 16 0 0 WNW 655 m 16.5 0.0 0 0 
12/05/16 01:12:48 20 71 10.9 0.0 0.0 270 0.0 0.0 1006.9 W 0 km/h C hPa mm 1.5 0.0 15.8 158.6 0.7 22.9 66 16.2 -0.6 17.1 00:08 16.2 01:12 5.0 00:24 7.2 00:41 1007.1 00:09 1006.7 00:54 1.9.4 1099 2.5 16.2 17.9 0 0.00 0 288 0.0 16 0 0 WNW 655 m 16.5 0.0 0 0 
12/05/16 01:12:48 20 71 10.9 0.0 0.0 270 0.0 0.0 1006.9 W 0 km/h C hPa mm 1.5 0.0 15.8 158.6 0.7 22.9 66 16.2 -0.6 17.1 00:08 16.2 01:12 5.0 00:24 7.2 00:41 1007.1 00:09 1006.7 00:54 1.9.4 1099 2.5 16.2 17.9 0 0.00 0 288 0.0 16 0 0 WNW 655 m 16.5 0.0 0 0 
12/05/16 01:12:48 20 71 10.9 0.0 0.0 270 0.0 0.0 1006.9 W 0 km/h C hPa mm 1.5 0.0 15.8 158.6 0.7 22.9 66 16.2 -0.6 17.1 00:08 16.2 01:12 5.0 00:24 7.2 00:41 1007.1 00:09 1006.7 00:54 1.9.4 1099 2.5 16.2 17.9 0 0.00 0 288 0.0 16 0 0 WNW 655 m 16.5 0.0 0 0 
12/05/16 01:12:48 20 71 10.9 0.0 0.0 270 0.0 0.0 1006.9 W 0 km/h C hPa mm 1.5 0.0 15.8 158.6 0.7 22.9 66 16.2 -0.6 17.1 00:08 16.2 01:12 5.0 00:24 7.2 00:41 1007.1 00:09 1006.7 00:54 1.9.4 1099 2.5 16.2 17.9 0 0.00 0 288 0.0 16 0 0 WNW 655 m 16.5 0.0 0 0 
12/05/16 01:12:48 20 71 10.9 0.0 0.0 270 0.0 0.0 1006.9 W 0 km/h C hPa mm 1.5 0.0 15.8 158.6 0.7 22.9 66 16.2 -0.6 17.1 00:08 16.2 01:12 5.0 00:24 7.2 00:41 1007.1 00:09 1006.7 00:54 1.9.4 1099 2.5 16.2 17.9 0 0.00 0 288 0.0 16 0 0 WNW 655 m 16.5 0.0 0 0 
12/05/16 01:12:48 20 71 10.9 0.0 0.0 270 0.0 0.0 1006.9 W 0 km/h C hPa mm 1.5 0.0 15.8 158.6 0.7 22.9 66 16.2 -0.6 17.1 00:08 16.2 01:12 5.0 00:24 7.2 00:41 1007.1 00:09 1006.7 00:54 1.9.4 1099 2.5 16.2 17.9 0 0.00 0 288 0.0 16 0 0 WNW 655 m 16.5 0.0 0 0 
12/05/16 01:12:48 20 71 10.9 0.0 0.0 270 0.0 0.0 1006.9 W 0 km/h C hPa mm 1.5 0.0 15.8 158.6 0.7 22.9 66 16.2 -0.6 17.1 00:08 16.2 01:12 5.0 00:24 7.2 00:41 1007.1 00:09 1006.7 00:54 1.9.4 1099 2.5 16.2 17.9 0 0.00 0 288 0.0 16 0 0 WNW 655 m 16.5 0.0 0 0 
12/05/16 01:12:48 20 71 10.9 0.0 0.0 270 0.0 0.0 1006.9 W 0 km/h C hPa mm 1.5 0.0 15.8 158.6 0.7 22.9 66 16.2 -0.6 17.1 00:08 16.2 01:12 5.0 00:24 7.2 00:41 1007.1 00:09 1006.7 00:54 1.9.4 1099 2.5 16.2 17.9 0 0.00 0 288 0.0 16 0 0 WNW 655 m 16.5 0.0 0 0 
12/05/16 01:12:48 20 71 10.9 0.0 0.0 270 0.0 0.0 1006.9 W 0 km/h C hPa mm 1.5 0.0 15.8 158.6 0.7 22.9 66 16.2 -0.6 17.1 00:08 16.2 01:12 5.0 00:24 7.2 00:41 1007.1 00:09 1006.7 00:54 1.9.4 1099 2.5 16.2 17.9 0 0.00 0 288 0.0 16 0 0 WNW 655 m 16.5 0.0 0 0 
12/05/16 01:12:48 20 71 10.9 0.0 0.0 270 0.0 0.0 1006.9 W 0 km/h C hPa mm 1.5 0.0 15.8 158.6 0.7 22.9 66 16.2 -0.6 17.1 00:08 16.2 01:12 5.0 00:24 7.2 00:41 1007.1 00:09 1006.7 00:54 1.9.4 1099 2.5 16.2 17.9 0 0.00 0 288 0.0 16 0 0 WNW 655 m 16.5 0.0 0 0 
12/05/16 01:12:48 20 71 10.9 0.0 0.0 270 0.0 0.0 1006.9 W 0 km/h C hPa mm 1.5 0.0 15.8 158.6 0.7 22.9 66 16.2 -0.6 17.1 00:08 16.2 01:12 5.0 00:24 7.2 00:41 1007.1 00:09 1006.7 00:54 1.9.4 1099 2.5 16.2 17.9 0 0.00 0 288 0.0 16 0 0 WNW 655 m 16.5 0.0 0 0 
12/05/16 01:12:48 20 71 10.9 0.0 0.0 270 0.0 0.0 1006.9 W 0 km/h C hPa mm 1.5 0.0 15.8 158.6 0.7 22.9 66 16.2 -0.6 17.1 00:08 16.2 01:12 5.0 00:24 7.2 00:41 1007.1 00:09 1006.7 00:54 1.9.4 1099 2.5 16.2 17.9 0 0.00 0 288 0.0 16 0 0 WNW 655 m 16.5 0.0 0 0 
12/05/16 01:12:48 20 71 10.9 0.0 0.0 270 0.0 0.0 1006.9 W 0 km/h C hPa mm 1.5 0.0 15.8 158.6 0.7 22.9 66 16.2 -0.6 17.1 00:08 16.2 01:12 5.0 00:24 7.2 00:41 1007.1 00:09 1006.7 00:54 1.9.4 1099 2.5 16.2 17.9 0 0.00 0 288 0.0 16 0 0 WNW 655 m 16.5 0.0 0 0 
12/05/16 01:12:48 20 71 10.9 0.0 0.0 270 0.0 0.0 1006.9 W 0 km/h C hPa mm 1.5 0.0 15.8 158.6 0.7 22.9 66 16.2 -0.6 17.1 00:08 16.2 01:12 5.0 00:24 7.2 00:41 1007.1 00:09 1006.7 00:54 1.9.4 1099 2.5 16.2 17.9 0 0.00 0 288 0.0 16 0 0 WNW 655 m 16.5 0.0 0 0 
12/05/16 01:12:48 20 71 10.9 0.0 0.0 270 0.0 0.0 1006.9 W 0 km/h C hPa mm 1.5 0.0 15.8 158.6 0.7 22.9 66 16.2 -0.6 17.1 00:08 16.2 01:12 5.0 00:24 7.2 00:41 1007.1 00:09 1006.7 00:54 1.9.4 1099 2.5 16.2 17.9 0 0.00 0 288 0.0 16 0 0 WNW 655 m 16.5 0.0 0 0 
12/05/16 01:12:48 20 71 10.9 0.0 0.0 270 0.0 0.0 1006.9 W 0 km/h C hPa mm 1.5 0.0 15.8 158.6 0.7 22.9 66 16.2 -0.6 17.1 00:08 16.2 01:12 5.0 00:24 7.2 00:41 1007.1 00:09 1006.7 00:54 1.9.4 1099 2.5 16.2 17.9 0 0.00 0 288 0.0 16 0 0 WNW 655 m 16.5 0.0 0 0 
12/05/16 01:12:48 20 71 10.9 0.0 0.0 270 0.0 0.0 1006.9 W 0 km/h C hPa mm 1.5 0.0 15.8 158.6 0.7 22.9 66 16.2 -0.6 17.1 00:08 16.2 01:12 5.0 00:24 7.2 00:41 1007.1 00:09 1006.7 00:54 1.9.4 1099 2.5 16.2 17.9 0 0.00 0 288 0.0 16 0 0 WNW 655 m 16.5 0.0 0 0 
12/05/16 01:12:48 20 71 10.9 0.0 0.0 270 0.0 0.0 1006.9 W 0 km/h C hPa mm 1.5 0.0 15.8 158.6 0.7 22.9 66 16.2 -0.6 17.1 00:08 16.2 01:12 5.0 00:24 7.2 00:41 1007.1 00:09 1006.7 00:54 1.9.4 1099 2.5 16.2 17.9 0 0.00 0 288 0.0 16 0 0 WNW 655 m 16.5 0.0 0 0 
12/05/16 01:12:48 20 71 10.9 0.0 0.0 270 0.0 0.0 1006.9 W 0 km/h C hPa mm 1.5 0.0 15.8 158.6 0.7 22.9 66 16.2 -0.6 17.1 00:08 16.2 01:12 5.0 00:24 7.2 00:41 1007.1 00:09 1006.7 00:54 1.9.4 1099 2.5 16.2 17.9 0 0.00 0 288 0.0 16 0 0 WNW 655 m 16.5 0.0 0 0 
12/05/16 01:12:48 20 71 10.9 0.0 0.0 270 0.0 0.0 1006.9 W 0 km/h C hPa mm 1.5 0.0 15.8 158.6 0.7 22.9 66 16.2 -0.6 17.1 00:08 16.2 01:12 5.0 00:24 7.2 00:41 1007.1 00:09 1006.7 00:54 1.9.4 1099 2.5 16.2 17.9 0 0.00 0 288 0.0 16 0 0 WNW 655 m 16.5 0.0 0 0 
12/05/16 01:12:48 20 71 10.9 0.0 0.0 270 0.0 0.0 1006.9 W 0 km/h C hPa mm 1.5 0.0 15.8 158.6 0.7 22.9 66 16.2 -0.6 17.1 00:08 16.2 01:12 5.0 00:24 7.2 00:41 1007.1 00:09 1006.7 00:54 1.9.4 1099 2.5 16.2 17.9 0 0.00 0 288 0.0 16 0 0 WNW 655 m 16.5 0.0 0 0 
12/05/16 01:12:48 20 71 10.9 0.0 0.0 270 0.0 0.0 1006.9 W 0 km/h C hPa mm 1.5 0.0 15.8 158.6 0.7 22.9 66 16.2 -0.6 17.1 00:08 16.2 01:12 5.0 00:24 7.2 00:41 1007.1 00:09 1006.7 00:54 1.9.4 1099 2.5 16.2 17.9 0 0.00 0 288 0.0 16 0 0 WNW 655 m 16.5 0.0 0 0 
12/05/16 01:12:48 20 71 10.9 0.0 0.0 270 0.0 0.0 1006.9 W 0 km/h C hPa mm 1.5 0.0 15.8 158.6 0.7 22.9 66 16.2 -0.6 17.1 00:08 16.2 01:12 5.0 00:24 7.2 00:41 1007.1 00:09 1006.7 00:54 1.9.4 1099 2.5 16.2 17.9 0 0.00 0 288 0.0 16 0 0 WNW 655 m 16.5 0.0 0 0 
12/05/16 01:12:48 20 71 10.9 0.0 0.0 270 0.0 0.0 1006.9 W 0 km/h C hPa mm 1.5 0.0 15.8 158.6 0.7 22.9 66 16.2 -0.6 17.1 00:08 16.2 01:12 5.0 00:24 7.2 00:41 1007.1 00:09 1006.7 00:54 1.9.4 1099 2.5 16.2 17.9 0 0.00 0 288 0.0 16 0 0 WNW 655 m 16.5 0.0 0 0 
12/05/16 01:12:48 20 71 10.9 0.0 0.0 270 0.0 0.0 1006.9 W 0 km/h C hPa mm 1.5 0.0 15.8 158.6 0.7 22.9 66 16.2 -0.6 17.1 00:08 16.2 01:12 5.0 00:24 7.2 00:41 1007.1 00:09 1006.7 00:54 1.9.4 1099 2.5 16.2 17.9 0 0.00 0 288 0.0 16 0 0 WNW 655 m 16.5 0.0 0 0 
12/05/16 01:12:48 20 71 10.9 0.0 0.0 270 0.0 0.0 1006.9 W 0 km/h C hPa mm 1.5 0.0 15.8 158.6 0.7 22.9 66 16.2 -0.6 17.1 00:08 16.2 01:12 5.0 00:24 7.2 00:41 1007.1 00:09 1006.7 00:54 1.9.4 1099 2.5 16.2 17.9 0 0.00 0 288 0.0 16 0 0 WNW 655 m 16.5 0.0 0 0 
12/05/16 01:12:48 20 71 10.9 0.0 0.0 270 0.0 0.0 1006.9 W 0 km/h C hPa mm 1.5 0.0 15.8 158.6 0.7 22.9 66 16.2 -0.6 17.1 00:08 16.2 01:12 5.0 00:24 7.2 00:41 1007.1 00:09 1006.7 00:54 1.9.4 1099 2.5 16.2 17.9 0 0.00 0 288 0.0 16 0 0 WNW 655 m 16.5 0.0 0 0 
12/05/16 01:12:48 20 71 10.9 0.0 0.0 270 0.0 0.0 1006.9 W 0 km/h C hPa mm 1.5 0.0 15.8 158.6 0.7 22.9 66 16.2 -0.6 17.1 00:08 16.2 01:12 5.0 00:24 7.2 00:41 1007.1 00:09 1006.7 00:54 1.9.4 1099 2.5 16.2 17.9 0 0.00 0 288 0.0 16 0 0 WNW 655 m 16.5 0.0 0 0 
12/05/16 01:12:48 20 71 10.9 0.0 0.0 270 0.0 0.0 1006.9 W 0 km/h C hPa mm 1.5 0.0 15.8 158.6 0.7 22.9 66 16.2 -0.6 17.1 00:08 16.2 01:12 5.0 00:24 7.2 00:41 1007.1 00:09 1006.7 00:54 1.9.4 1099 2.5 16.2 17.9 0 0.00 0 288 0.0 16 0 0 WNW 655 m 16.5 0.0 0 0 
12/05/16 01:12:48 20 71 10.9 0.0 0.0 270 0.0 0.0 1006.9 W 0 km/h C hPa mm 1.5 0.0 15.8 158.6 0.7 22.9 66 16.2 -0.6 17.1 00:08 16.2 01:12 5.0 00:24 7.2 00:41 1007.1 00:09 1006.7 00:54 1.9.4 1099 2.5 16.2 17.9 0 0.00 0 288 0.0 16 0 0 WNW 655 m 16.5 0.0 0 0 
12/05/16 01:12:48 20 71 10.9 0.0 0.0 270 0.0 0.0 1006.9 W 0 km/h C hPa mm 1.5 0.0 15.8 158.6 0.7 22.9 66 16.2 -0.6 17.1 00:08 16.2 01:12 5.0 00:24 7.2 00:41 1007.1 00:09 1006.7 00:54 1.9.4 1099 2.5 16.2 17.9 0 0.00 0 288 0.0 16 0 0 WNW 655 m 16.5 0.0 0 0 
12/05/16 01:12:48 20 71 10.9 0.0 0.0 270 0.0 0.0 1006.9 W 0 km/h C hPa mm 1.5 0.0 15.8 158.6 0.7 22.9 66 16.2 -0.6 17.1 00:08 16.2 01:12 5.0 00:24 7.2 00:41 1007.1 00:09 1006.7 00:54 1.9.4 1099 2.5 16.2 17.9 0 0.00 0 288 0.0 16 0 0 WNW 655 m 16.5 0.0 0 0 
12/05/16 01:12:48 20 71 10.9 0.0 0.0 270 0.0 0.0 1006.9 W 0 km/h C hPa mm 1.5 0.0 15.8 158.6 0.7 22.9 66 16.2 -0.6 17.1 00:08 16.2 01:12 5.0 00:24 7.2 00:41 1007.1 00:09 1006.7 00:54 1.9.4 1099 2.5 16.2 17.9 0 0.00 0 288 0.0 16 0 0 WNW 655 m 16.5 0.0 0 0 
12/05/16 01:12:48 20 71 10.9 0.0 0.0 270 0.0 0.0 1006.9 W 0 km/h C hPa mm 1.5 0.0 15.8 158.6 0.7 22.9 66 16.2 -0.6 17.1 00:08 16.2 01:12 5.0 00:24 7.2 00:41 1007.1 00:09 1006.7 00:54 1.9.4 1099 2.5 16.2 17.9 0 0.00 0 288 0.0 16 0 0 WNW 655 m 16.5 0.0 0 0 
12/05/16 01:12:48 20 71 10.9 0.0 0.0 270 0.0 0.0 1006.9 W 0 km/h C hPa mm 1.5 0.0 15.8 158.6 0.7 22.9 66 16.2 -0.6 17.1 00:08 16.2 01:12 5.0 00:24 7.2 00:41 1007.1 00:09 1006.7 00:54 1.9.4 1099 2.5 16.2 17.9 0 0.00 0 288 0.0 16 0 0 WNW 655 m 16.5 0.0 0 0 
12/05/16 01:12:48 20 71 10.9 0.0 0.0 270 0.0 0.0 1006.9 W 0 km/h C hPa mm 1.5 0.0 15.8 158.6 0.7 22.9 66 16.2 -0.6 17.1 00:08 16.2 01:12 5.0 00:24 7.2 00:41 1007.1 00:09 1006.7 00:54 1.9.4 1099 2.5 16.2 17.9 0 0.00 0 288 0.0 16 0 0 WNW 655 m 16.5 0.0 0 0 
13/05/16 01:12:48 20 71 10.9 0.0 0.0 270 0.0 0.0 1006.9 W 0 km/h C hPa mm 1.5 0.0 15.8 158.6 0.7 22.9 66 19.8 -0.6 17.1 00:08 16.2 01:12 5.0 00:24 7.2 00:41 1007.1 00:09 1006.7 00:54 1.9.4 1099 2.5 16.2 17.9 0 0.00 0 288 0.0 16 0 0 WNW 655 m 16.5 0.0 0 0 
13/05/16 01:12:48 20 71 10.9 0.0 0.0 270 0.0 0.0 1006.9 W 0 km/h C hPa mm 1.5 0.0 15.8 158.6 0.7 22.9 66 19.8 -0.6 17.1 00:08 16.2 01:12 5.0 00:24 7.2 00:41 1007.1 00:09 1006.7 00:54 1.9.4 1099 2.5 16.2 17.9 0 0.00 0 288 0.0 16 0 0 WNW 655 m 16.5 0.0 0 0 
13/05/16 01:12:48 20 71 10.9 0.0 0.0 270 0.0 0.0 1006.9 W 0 km/h C hPa mm 1.5 0.0 15.8 158.6 0.7 22.9 66 19.8 -0.6 17.1 00:08 16.2 01:12 5.0 00:24 7.2 00:41 1007.1 00:09 1006.7 00:54 1.9.4 1099 2.5 16.2 17.9 0 0.00 0 288 0.0 16 0 0 WNW 655 m 16.5 0.0 0 0 
13/05/16 01:12:48 20 71 10.9 0.0 0.0 270 0.0 0.0 1006.9 W 0 km/h C hPa mm 1.5 0.0 15.8 158.6 0.7 22.9 66 19.8 -0.6 17.1 00:08 16.2 01:12 5.0 00:24 7.2 00:41 1007.1 00:09 1006.7 00:54 1.9.4 1099 2.5 16.2 17.9 0 0.00 0 288 0.0 16 0 0 WNW 655 m 16.5 0.0 0 0 
13/05/16 01:12:48 20 71 10.9 0.0 0.0 270 0.0 0.0 1006.9 W 0 km/h C hPa mm 1.5 0.0 15.8 158.6 0.7 22.9 66 19.8 -0.6 17.1 00:08 16.2 01:12 5.0 00:24 7.2 00:41 1007.1 00:09 1006.7 00:54 1.9.4 1099 2.5 16.2 17.9 0 0.00 0 288 0.0 16 0 0 WNW 655 m 16.5 0.0 0 0 
13/05/16 01:12:48 20 71 10.9 0.0 0.0 270 0.0 0.0 1006.9 W 0 km/h C hPa mm 1.5 0.0 15.8 158.6 0.7 22.9 66 19.8 -0.6 17.1 00:08 16.2 01:12 5.0 00:24 7.2 00:41 1007.1 00:09 1006.7 00:54 1.9.4 1099 2.5 16.2 17.9 0 0.00 0 288 0.0 16 0 0 WNW 655 m 16.5 0.0 0 0 
14/05/16 01:12:48 20 71 10.9 0.0 0.0 270 0.0 0.0 1006.9 W 0 km/h C hPa mm 1.5 0.0 15.8 158.6 0.7 22.9 66 19.8 -0.6 17.1 00:08 16.2 01:12 5.0 00:24 7.2 00:41 1007.1 00:09 1006.7 00:54 1.9.4 1099 2.5 16.2 17.9 0 0.00 0 288 0.0 16 0 0 WNW 655 m 16.5 0.0 0 0 
14/05/16 01:12:48 20 71 10.9 0.0 0.0 270 0.0 0.0 1006.9 W 0 km/h C hPa mm 1.5 0.0 15.8 158.6 0.7 22.9 66 19.8 -0.6 17.1 00:08 16.2 01:12 5.0 00:24 7.2 00:41 1007.1 00:09 1006.7 00:54 1.9.4 1099 2.5 16.2 17.9 0 0.00 0 288 0.0 16 0 0 WNW 655 m 16.5 0.0 0 0 
14/05/16 01:12:48 20 71 10.9 0.0 0.0 270 0.0 0.0 1006.9 W 0 km/h C hPa mm 1.5 0.0 15.8 158.6 0.7 22.9 66 19.8 -0.6 17.1 00:08 16.2 01:12 5.0 00:24 7.2 00:41 1007.1 00:09 1006.7 00:54 1.9.4 1099 2.5 16.2 17.9 0 0.00 0 288 0.0 16 0 0 WNW 655 m 16.5 0.0 0 0 
14/05/16 01:12:48 20 71 10.9 0.0 0.0 270 0.0 0.0 1006.9 W 0 km/h C hPa mm 1.5 0.0 15.8 158.6 0.7 22.9 66 19.8 -0.6 17.1 00:08 16.2 01:12 5.0 00:24 7.2 00:41 1007.1 00:09 1006.7 00:54 1.9.4 1099 2.5 16.2 17.9 0 0.00 0 288 0.0 16 0 0 WNW 655 m 16.5 0.0 0 0 
23/05/16 15:26:41 21.8 37 6.5 8.6 11.2 225 0.0 0.0 1023.1 SW 2 km/h C hPa mm 83.3 -0.4 21.7 164.5 3.8 22.0 41 21.8 0 22.0 13:35 13.2 06:21 15.8 15:19 23.4 15:19 1024.8 10:29 1021.5 00:09 1.9.4 1099 23.4 21.8 21.8 0 0.00 0 288 0.0 18 1 0 WNW 1949 m 19.3 0.0 901 0 
28/05/16 10:45:33 20.3 86 17.9 3.6 6.1 45 0.0 0.0 1015.5 NE 1 km/h C hPa mm 15.5 0.0 21.7 164.5 0.0 24.2 67 20.3 +0.6 20.3 10:44 17.8 05:12 5.0 01:04 7.2 00:02 1016.3 00:02 1015.1 04:41 1.9.4 1099 6.1 20.3 26.1 0 0.00 0 45 0.0 5 1 0 NE 299 m 22.3 0.0 715 0 
28/05/16 10:46:33 20.2 86 17.8 0.0 1.1 315 0.0 0.0 1015.6 NW 0 km/h C hPa mm 15.5 0.0 21.7 164.5 0.0 24.2 68 20.2 +0.5 20.3 10:44 17.8 05:12 5.0 01:04 7.2 00:02 1016.3 00:02 1015.1 04:41 1.9.4 1099 6.1 20.2 25.9 0 0.00 0 5 0.0 11 1 0 N 299 m 22.9 0.0 718 0 
28/05/16 10:47:33 20.2 86 17.8 0.0 2.5 270 0.0 0.0 1015.5 W 0 km/h C hPa mm 15.5 0.0 21.7 164.5 0.0 24.2 68 20.2 +0.5 20.3 10:44 17.8 05:12 5.0 01:04 7.2 00:02 1016.3 00:02 1015.1 04:41 1.9.4 1099 6.1 20.2 25.9 0 0.00 0 353 0.0 11 1 0 N 299 m 22.9 0.0 720 0 
28/05/16 10:48:33 20.3 86 17.9 0.0 1.1 315 0.0 0.0 1015.5 NW 0 km/h C hPa mm 15.5 -0.2 21.7 164.5 0.0 24.2 68 20.3 +0.5 20.3 10:44 17.8 05:12 5.0 01:04 7.2 00:02 1016.3 00:02 1015.1 04:41 1.9.4 1099 6.1 20.3 26.1 0 0.00 0 344 0.0 22 1 0 NNW 299 m 23.0 0.0 723 0 
28/05/16 10:49:33 20.3 86 17.9 1.1 2.5 90 0.0 0.0 1015.5 E 1 km/h C hPa mm 15.6 -0.2 21.7 164.5 0.0 24.2 68 20.3 +0.5 20.3 10:44 17.8 05:12 5.0 01:04 7.2 00:02 1016.3 00:02 1015.1 04:41 1.9.4 1099 6.1 20.3 26.1 0 0.00 0 358 0.0 18 1 0 N 299 m 22.8 0.0 726 0 
28/05/16 10:50:33 20.4 86 18.0 1.1 5.0 45 0.0 0.0 1015.5 NE 1 km/h C hPa mm 15.6 -0.2 21.7 164.5 0.0 24.2 68 20.4 +0.5 20.4 10:49 17.8 05:12 5.0 01:04 7.2 00:02 1016.3 00:02 1015.1 04:41 1.9.4 1099 6.1 20.4 26.3 0 0.00 0 15 0.0 18 1 0 NNE 299 m 23.0 0.0 729 0 
28/05/16 10:51:33 20.4 86 18.0 2.5 5.0 45 0.0 0.0 1015.4 NE 1 km/h C hPa mm 15.6 -0.2 21.7 164.5 0.0 24.2 68 20.4 +0.5 20.4 10:49 17.8 05:12 5.0 01:04 7.2 00:02 1016.3 00:02 1015.1 04:41 1.9.4 1099 6.1 20.4 26.3 0 0.00 0 31 0.0 18 1 0 NNE 299 m 22.7 0.0 731 0 
28/05/16 10:52:33 20.4 86 18.0 2.5 3.6 315 0.0 0.0 1015.4 NW 1 km/h C hPa mm 15.7 -0.2 21.7 164.5 0.0 24.2 68 20.4 +0.5 20.4 10:49 17.8 05:12 5.0 01:04 7.2 00:02 1016.3 00:02 1015.1 04:41 1.9.4 1099 6.1 20.4 26.3 0 0.00 0 26 0.0 18 1 0 NNE 299 m 22.7 0.0 734 0 
28/05/16 10:53:33 20.5 86 18.1 0.0 1.1 270 0.0 0.0 1015.3 W 0 km/h C hPa mm 15.7 -0.3 21.7 164.5 0.0 24.1 68 20.5 +0.6 20.5 10:52 17.8 05:12 5.0 01:04 7.2 00:02 1016.3 00:02 1015.1 04:41 1.9.4 1099 6.1 20.5 26.4 0 0.00 0 22 0.0 22 1 0 NNE 300 m 23.3 0.0 737 0 
28/05/16 10:54:33 20.6 86 18.2 0.0 1.1 225 0.0 0.0 1015.3 SW 0 km/h C hPa mm 15.7 -0.3 21.7 164.5 0.0 24.1 68 20.6 +0.6 20.6 10:54 17.8 05:12 5.0 01:04 7.2 00:02 1016.3 00:02 1015.1 04:41 1.9.4 1099 6.1 20.6 26.6 0 0.00 0 23 0.0 22 1 0 NNE 335 m 23.5 0.0 739 0 
28/05/16 10:55:33 20.6 86 18.2 0.0 0.0 225 0.0 0.0 1015.4 SW 0 km/h C hPa mm 15.7 -0.3 21.7 164.5 0.0 24.2 68 20.6 +0.6 20.6 10:54 17.8 05:12 5.0 01:04 7.2 00:02 1016.3 00:02 1015.1 04:41 1.9.4 1099 6.1 20.6 26.6 0 0.00 0 13 0.0 22 1 0 NNE 300 m 23.5 0.0 742 0 
28/05/16 10:56:33 20.7 86 18.3 1.1 1.1 360 0.0 0.0 1015.3 N 1 km/h C hPa mm 15.7 -0.2 21.7 164.5 0.0 24.1 68 20.7 +0.6 20.7 10:56 17.8 05:12 5.0 01:04 7.2 00:02 1016.3 00:02 1015.1 04:41 1.9.4 1099 6.1 20.7 26.8 0 0.00 0 33 0.0 18 1 0 NNE 300 m 23.4 0.0 745 0 
28/05/16 10:57:33 20.8 86 18.4 0.0 1.1 315 0.0 0.0 1015.3 NW 0 km/h C hPa mm 15.7 -0.3 21.7 164.5 0.0 24.1 68 20.8 +0.7 20.8 10:56 17.8 05:12 5.0 01:04 7.2 00:02 1016.3 00:02 1015.1 04:41 1.9.4 1099 6.1 20.8 27.0 0 0.00 0 36 0.0 22 1 0 NE 300 m 23.8 0.0 747 0 
28/05/16 10:58:33 20.9 86 18.5 1.1 2.5 45 0.0 0.0 1015.3 NE 1 km/h C hPa mm 15.7 -0.3 21.7 164.5 0.0 24.1 68 20.9 +0.7 20.9 10:58 17.8 05:12 5.0 01:04 7.2 00:02 1016.3 00:02 1015.1 04:41 1.9.4 1099 6.1 20.9 27.1 0 0.00 0 46 0.0 18 1 0 NE 313 m 23.7 0.0 750 0 
28/05/16 10:59:33 20.9 86 18.5 1.1 2.5 45 0.0 0.0 1015.3 NE 1 km/h C hPa mm 15.7 -0.3 21.7 164.5 0.0 24.1 68 20.9 +0.7 20.9 10:58 17.8 05:12 5.0 01:04 7.2 00:02 1016.3 00:02 1015.1 04:41 1.9.4 1099 6.1 20.9 27.1 0 0.00 0 42 0.0 18 1 0 NE 300 m 23.7 0.0 753 0 
28/05/16 11:00:33 21.0 84 18.2 1.1 2.5 225 0.0 0.0 1015.3 SW 1 km/h C hPa mm 15.7 -0.3 21.7 164.5 0.0 24.1 68 21.0 +0.7 21.0 11:00 17.8 05:12 5.0 01:04 7.2 00:02 1016.3 00:02 1015.1 04:41 1.9.4 1099 6.1 21.0 27.0 0 0.00 0 37 0.0 18 1 0 NE 347 m 23.7 0.0 755 0 
28/05/16 11:01:33 21.1 84 18.3 1.1 3.6 225 0.0 0.0 1015.1 SW 1 km/h C hPa mm 15.7 -0.3 21.7 164.5 0.0 24.1 68 21.1 +0.8 21.1 11:00 17.8 05:12 5.0 01:04 7.2 00:02 1016.3 00:02 1015.1 04:41 1.9.4 1099 5.0 21.1 27.2 0 0.00 0 320 0.0 21 1 0 NW 348 m 23.8 0.0 758 0 
28/05/16 11:02:33 21.1 83 18.1 2.5 3.6 90 0.0 0.0 1015.3 E 1 km/h C hPa mm 15.8 -0.3 21.7 164.5 0.0 24.1 68 21.1 +0.8 21.1 11:00 17.8 05:12 5.0 01:04 7.2 00:02 1016.3 00:02 1015.1 04:41 1.9.4 1099 6.1 21.1 27.1 0 0.00 0 27 0.0 18 1 0 NNE 348 m 23.4 0.0 760 0 
28/05/16 11:03:33 21.0 83 18.0 2.5 5.0 90 0.0 0.0 1015.3 E 1 km/h C hPa mm 15.8 -0.3 21.7 164.5 0.0 24.1 68 21.0 +0.8 21.1 11:00 17.8 05:12 5.0 01:04 7.2 00:02 1016.3 00:02 1015.1 04:41 1.9.4 1099 6.1 21.0 26.9 0 0.00 0 70 0.0 21 1 0 ENE 371 m 23.3 0.0 763 0 
28/05/16 11:04:33 21.0 83 18.0 3.6 6.1 45 0.0 0.0 1015.2 NE 1 km/h C hPa mm 15.9 -0.3 21.7 164.5 0.0 24.0 68 21.0 +0.7 21.1 11:00 17.8 05:12 5.0 01:04 7.2 00:02 1016.3 00:02 1015.1 04:41 1.9.4 1099 6.1 21.0 26.9 0 0.00 0 61 0.0 21 1 0 ENE 371 m 23.1 0.0 766 0 
28/05/16 11:05:33 20.9 83 17.9 2.5 5.0 90 0.0 0.0 1015.3 E 1 km/h C hPa mm 15.9 -0.3 21.7 164.5 0.0 24.0 68 20.9 +0.7 21.1 11:00 17.8 05:12 5.0 01:04 7.2 00:02 1016.3 00:02 1015.1 04:41 1.9.4 1099 6.1 20.9 26.7 0 0.00 0 65 0.0 21 1 0 ENE 371 m 23.2 0.0 768 0 
28/05/16 11:06:33 20.8 83 17.8 2.5 3.6 90 0.0 0.0 1015.4 E 1 km/h C hPa mm 16.0 -0.3 21.7 164.5 0.0 24.0 68 20.8 +0.7 21.1 11:00 17.8 05:12 5.0 01:04 7.2 00:02 1016.3 00:02 1015.1 04:41 1.9.4 1099 6.1 20.8 26.5 0 0.00 0 70 0.0 21 1 0 ENE 359 m 23.0 0.0 771 0 
28/05/16 11:07:33 20.7 83 17.7 3.6 6.1 90 0.0 0.0 1015.3 E 1 km/h C hPa mm 16.0 -0.2 21.7 164.5 0.0 24.0 68 20.7 +0.7 21.1 11:00 17.8 05:12 5.0 01:04 7.2 00:02 1016.3 00:02 1015.1 04:41 1.9.4 1099 6.1 20.7 26.4 0 0.00 0 76 0.0 21 1 0 ENE 370 m 22.7 0.0 773 0 
28/05/16 11:08:33 20.6 83 17.6 1.1 3.6 90 0.0 0.0 1015.4 E 1 km/h C hPa mm 16.1 -0.3 21.7 164.5 0.0 24.0 68 20.6 +0.6 21.1 11:00 17.8 05:12 5.0 01:04 7.2 00:02 1016.3 00:02 1015.1 04:41 1.9.4 1099 6.1 20.6 26.2 0 0.00 0 79 0.0 22 1 0 E 370 m 23.0 0.0 776 0 
28/05/16 11:09:33 20.6 83 17.6 2.5 5.0 45 0.0 0.0 1015.4 NE 1 km/h C hPa mm 16.1 -0.2 21.7 164.5 0.0 24.0 68 20.6 +0.6 21.1 11:00 17.8 05:12 5.0 01:04 7.2 00:02 1016.3 00:02 1015.1 04:41 1.9.4 1099 6.1 20.6 26.2 0 0.00 0 78 0.0 21 1 0 ENE 370 m 22.7 0.0 778 0 
28/05/16 11:10:33 20.5 83 17.5 5.0 6.1 90 0.0 0.0 1015.4 E 1 km/h C hPa mm 16.1 -0.2 21.7 164.5 0.0 24.0 68 20.5 +0.6 21.1 11:00 17.8 05:12 5.0 01:04 7.2 00:02 1016.3 00:02 1015.1 04:41 1.9.4 1099 6.1 20.5 26.0 0 0.00 0 82 0.0 22 1 0 E 358 m 22.1 0.0 781 0 
28/05/16 11:11:33 20.5 83 17.5 3.6 5.0 135 0.0 0.0 1015.3 SE 1 km/h C hPa mm 16.2 -0.2 21.7 164.5 0.0 24.0 68 20.5 +0.6 21.1 11:00 17.8 05:12 5.0 01:04 7.2 00:02 1016.3 00:02 1015.1 04:41 1.9.4 1099 6.1 20.5 26.0 0 0.00 0 83 0.0 22 1 0 E 370 m 22.4 0.0 783 0 
28/05/16 11:12:33 20.4 83 17.4 5.0 6.1 90 0.0 0.0 1015.2 E 1 km/h C hPa mm 16.3 -0.3 21.7 164.5 0.0 24.0 68 20.4 +0.6 21.1 11:00 17.8 05:12 5.0 01:04 7.2 00:02 1016.3 00:02 1015.1 04:41 1.9.4 1099 6.1 20.4 25.9 0 0.00 0 89 0.0 22 1 0 E 370 m 22.0 0.0 786 0 
28/05/16 11:13:33 20.3 83 17.3 2.5 5.0 45 0.0 0.0 1015.3 NE 1 km/h C hPa mm 16.3 -0.3 21.7 164.5 0.0 24.0 68 20.3 +0.5 21.1 11:00 17.8 05:12 5.0 01:04 7.2 00:02 1016.3 00:02 1015.1 04:41 1.9.4 1099 6.1 20.3 25.7 0 0.00 0 85 0.0 22 1 0 E 369 m 22.3 0.0 788 0 
28/05/16 11:14:33 20.3 83 17.3 1.1 3.6 90 0.0 0.0 1015.3 E 1 km/h C hPa mm 16.3 -0.2 21.7 164.5 0.0 24.0 68 20.3 +0.5 21.1 11:00 17.8 05:12 5.0 01:04 7.2 00:02 1016.3 00:02 1015.1 04:41 1.9.4 1099 6.1 20.3 25.7 0 0.00 0 87 0.0 22 1 0 E 369 m 22.6 0.0 791 0 
28/05/16 11:15:33 20.2 83 17.2 5.0 6.1 90 0.0 0.0 1015.4 E 1 km/h C hPa mm 16.4 -0.3 21.7 164.5 0.0 23.9 69 20.2 +0.5 21.1 11:00 17.8 05:12 5.0 01:04 7.2 00:02 1016.3 00:02 1015.1 04:41 1.9.4 1099 6.1 20.2 25.5 0 0.00 0 89 0.0 22 1 0 E 369 m 21.7 0.0 793 0 
28/05/16 11:16:33 20.2 84 17.4 2.5 3.6 90 0.0 0.0 1015.3 E 1 km/h C hPa mm 16.5 -0.2 21.7 164.5 0.0 24.0 68 20.2 +0.5 21.1 11:00 17.8 05:12 5.0 01:04 7.2 00:02 1016.3 00:02 1015.1 04:41 1.9.4 1099 6.1 20.2 25.7 0 0.00 0 89 0.0 22 1 0 E 346 m 22.3 0.0 795 0 
28/05/16 11:17:33 20.2 84 17.4 0.0 2.5 90 0.0 0.0 1015.3 E 0 km/h C hPa mm 16.5 -0.3 21.7 164.5 0.0 24.0 68 20.2 +0.5 21.1 11:00 17.8 05:12 5.0 01:04 7.2 00:02 1016.3 00:02 1015.1 04:41 1.9.4 1099 6.1 20.2 25.7 0 0.00 0 89 0.0 22 1 0 E 346 m 22.7 0.0 798 0 
28/05/16 11:18:33 20.2 84 17.4 0.0 2.5 90 0.0 0.0 1015.2 E 0 km/h C hPa mm 16.5 -0.3 21.7 164.5 0.0 23.9 69 20.2 +0.5 21.1 11:00 17.8 05:12 5.0 01:04 7.2 00:02 1016.3 00:02 1015.1 04:41 1.9.4 1099 6.1 20.2 25.7 0 0.00 0 89 0.0 22 1 0 E 346 m 22.7 0.0 800 0 
28/05/16 11:19:33 20.2 84 17.4 1.1 2.5 90 0.0 0.0 1015.3 E 1 km/h C hPa mm 16.5 -0.2 21.7 164.5 0.0 23.9 69 20.2 +0.4 21.1 11:00 17.8 05:12 5.0 01:04 7.2 00:02 1016.3 00:02 1015.1 04:41 1.9.4 1099 6.1 20.2 25.7 0 0.00 0 91 0.0 22 1 0 E 346 m 22.5 0.0 803 0 
28/05/16 11:20:33 20.2 84 17.4 3.6 6.1 45 0.0 0.0 1015.3 NE 1 km/h C hPa mm 16.5 -0.1 21.7 164.5 0.0 23.9 69 20.2 +0.4 21.1 11:00 17.8 05:12 5.0 01:04 7.2 00:02 1016.3 00:02 1015.1 04:41 1.9.4 1099 6.1 20.2 25.7 0 0.00 0 87 0.0 11 1 0 E 346 m 22.0 0.0 805 0 
28/05/16 11:21:33 20.3 84 17.5 3.6 6.1 45 0.0 0.0 1015.3 NE 1 km/h C hPa mm 16.5 -0.1 21.7 164.5 0.0 23.9 69 20.3 +0.4 21.1 11:00 17.8 05:12 5.0 01:04 7.2 00:02 1016.3 00:02 1015.1 04:41 1.9.4 1099 6.1 20.3 25.8 0 0.00 0 78 0.0 11 1 0 ENE 346 m 22.2 0.0 807 0 
28/05/16 11:22:33 20.3 84 17.5 0.0 1.1 45 0.0 0.0 1015.1 NE 0 km/h C hPa mm 16.5 -0.1 21.7 164.5 0.0 23.9 69 20.3 +0.4 21.1 11:00 17.8 05:12 5.0 01:04 7.2 00:02 1016.3 00:02 1015.1 04:41 1.9.4 1099 6.1 20.3 25.8 0 0.00 0 73 0.0 11 1 0 ENE 346 m 22.9 0.0 810 0 
28/05/16 11:23:33 20.3 84 17.5 0.0 0.0 45 0.0 0.0 1015.2 NE 0 km/h C hPa mm 16.5 -0.2 21.7 164.5 0.0 23.9 69 20.3 +0.4 21.1 11:00 17.8 05:12 5.0 01:04 7.2 00:02 1016.3 00:02 1015.1 04:41 1.9.4 1099 6.1 20.3 25.8 0 0.00 0 75 0.0 22 1 0 ENE 346 m 22.9 0.0 812 0 
28/05/16 11:24:33 20.4 84 17.6 1.1 3.6 315 0.0 0.0 1015.2 NW 1 km/h C hPa mm 16.5 -0.2 21.7 164.5 0.0 23.9 69 20.4 +0.4 21.1 11:00 17.8 05:12 5.0 01:04 7.2 00:02 1016.3 00:02 1015.1 04:41 1.9.4 1099 6.1 20.4 26.0 0 0.00 0 69 0.0 21 1 0 ENE 346 m 22.8 0.0 814 0 
28/05/16 11:25:33 20.4 84 17.6 1.1 3.6 315 0.0 0.0 1015.3 NW 1 km/h C hPa mm 16.5 -0.1 21.7 164.5 0.0 23.9 69 20.4 +0.4 21.1 11:00 17.8 05:12 5.0 01:04 7.2 00:02 1016.3 00:02 1015.1 04:41 1.9.4 1099 6.1 20.4 26.0 0 0.00 0 57 0.0 11 1 0 ENE 346 m 22.8 0.0 817 0 
28/05/16 11:26:33 20.6 85 18.0 0.0 2.5 315 0.0 0.0 1015.2 NW 0 km/h C hPa mm 16.6 -0.2 21.7 164.5 0.0 23.9 69 20.6 +0.5 21.1 11:00 17.8 05:12 5.0 01:04 7.2 00:02 1016.3 00:02 1015.1 04:41 1.9.4 1099 6.1 20.6 26.5 0 0.00 0 48 0.0 22 1 0 NE 335 m 23.4 0.0 819 0 
28/05/16 11:27:33 20.7 85 18.1 0.0 2.5 90 0.0 0.0 1015.2 E 0 km/h C hPa mm 16.6 -0.2 21.7 164.5 0.0 23.9 69 20.7 +0.5 21.1 11:00 17.8 05:12 5.0 01:04 7.2 00:02 1016.3 00:02 1015.1 04:41 1.9.4 1099 6.1 20.7 26.6 0 0.00 0 40 0.0 22 1 0 NE 323 m 23.5 0.0 821 0 
28/05/16 11:28:33 20.8 85 18.2 1.1 2.5 90 0.0 0.0 1015.2 E 1 km/h C hPa mm 16.6 -0.2 21.7 164.5 0.0 23.9 69 20.8 +0.5 21.1 11:00 17.8 05:12 5.0 01:04 7.2 00:02 1016.3 00:02 1015.1 04:41 1.9.4 1099 6.1 20.8 26.8 0 0.00 0 40 0.0 21 1 0 NE 323 m 23.5 0.0 823 0 
28/05/16 11:29:33 20.8 84 18.0 0.0 2.5 90 0.0 0.0 1015.2 E 0 km/h C hPa mm 16.6 -0.2 21.7 164.5 0.0 23.9 69 20.8 +0.6 21.1 11:00 17.8 05:12 5.0 01:04 7.2 00:02 1016.3 00:02 1015.1 04:41 1.9.4 1099 6.1 20.8 26.7 0 0.00 0 38 0.0 22 1 0 NE 347 m 23.6 0.0 826 0 
28/05/16 11:30:33 20.9 84 18.1 0.0 2.5 315 0.0 0.0 1015.4 NW 0 km/h C hPa mm 16.6 -0.1 21.7 164.5 0.0 23.9 69 20.9 +0.6 21.1 11:00 17.8 05:12 5.0 01:04 7.2 00:02 1016.3 00:02 1015.1 04:41 1.9.4 1099 6.1 20.9 26.9 0 0.00 0 26 0.0 11 1 0 NNE 347 m 23.7 0.0 828 0 
28/05/16 11:31:33 20.9 84 18.1 0.0 2.5 315 0.0 0.0 1015.4 NW 0 km/h C hPa mm 16.6 -0.1 21.7 164.5 0.0 23.9 69 20.9 +0.6 21.1 11:00 17.8 05:12 5.0 01:04 7.2 00:02 1016.3 00:02 1015.1 04:41 1.9.4 1099 6.1 20.9 26.9 0 0.00 0 8 0.0 11 1 0 N 347 m 23.7 0.0 830 0 
28/05/16 11:32:33 21.1 83 18.1 1.1 3.6 90 0.0 0.0 1015.3 E 1 km/h C hPa mm 16.6 -0.1 21.7 164.5 0.0 23.9 69 21.1 +0.6 21.1 11:00 17.8 05:12 5.0 01:04 7.2 00:02 1016.3 00:02 1015.1 04:41 1.9.4 1099 3.6 21.1 27.1 0 0.00 0 4 0.0 5 1 0 N 371 m 23.7 0.0 832 0 
28/05/16 11:33:33 21.2 83 18.2 2.5 3.6 90 0.0 0.0 1015.3 E 1 km/h C hPa mm 16.6 -0.1 21.7 164.5 0.0 23.9 69 21.2 +0.7 21.2 11:32 17.8 05:12 5.0 01:04 7.2 00:02 1016.3 00:02 1015.1 04:41 1.9.4 1099 3.6 21.2 27.2 0 0.00 0 18 0.0 5 1 0 NNE 372 m 23.6 0.0 835 0 
28/05/16 11:34:33 21.1 82 17.9 3.6 6.1 180 0.0 0.0 1015.3 S 1 km/h C hPa mm 16.7 -0.1 21.7 164.5 0.0 23.9 69 21.1 +0.7 21.2 11:32 17.8 05:12 5.0 01:04 7.2 00:02 1016.3 00:02 1015.1 04:41 1.9.4 1099 6.1 21.1 26.9 0 0.00 0 42 0.0 5 1 0 NE 396 m 23.2 0.0 837 0 
28/05/16 11:35:33 20.9 83 17.9 2.5 3.6 180 0.0 0.0 1015.4 S 1 km/h C hPa mm 16.7 -0.1 21.7 164.5 0.0 23.9 69 20.9 +0.7 21.2 11:32 17.8 05:12 5.0 01:04 7.2 00:02 1016.3 00:02 1015.1 04:41 1.9.4 1099 6.1 20.9 26.7 0 0.00 0 94 0.0 11 1 0 E 371 m 23.2 0.0 839 0 
28/05/16 11:36:33 20.9 83 17.9 1.1 3.6 90 0.0 0.0 1015.4 E 1 km/h C hPa mm 16.8 -0.1 21.7 164.5 0.0 23.9 69 20.9 +0.6 21.2 11:32 17.8 05:12 5.0 01:04 7.2 00:02 1016.3 00:02 1015.1 04:41 1.9.4 1099 6.1 20.9 26.7 0 0.00 0 115 0.0 11 1 0 ESE 371 m 23.4 0.0 841 0 
28/05/16 11:37:33 20.8 82 17.6 3.6 6.1 90 0.0 0.0 1015.3 E 1 km/h C hPa mm 16.8 -0.1 21.7 164.5 0.0 23.9 69 20.8 +0.6 21.2 11:32 17.8 05:12 5.0 01:04 7.2 00:02 1016.3 00:02 1015.1 04:41 1.9.4 1099 6.1 20.8 26.4 0 0.00 0 111 0.0 11 1 0 ESE 395 m 22.7 0.0 843 0 
28/05/16 11:38:33 20.8 82 17.6 3.6 5.0 135 0.0 0.0 1015.5 SE 1 km/h C hPa mm 16.9 -0.1 21.7 164.5 0.0 23.9 69 20.8 +0.6 21.2 11:32 17.8 05:12 5.0 01:04 7.2 00:02 1016.3 00:02 1015.1 04:41 1.9.4 1099 6.1 20.8 26.4 0 0.00 0 109 0.0 11 1 0 ESE 395 m 22.7 0.0 845 0 
28/05/16 11:39:33 20.7 82 17.5 3.6 6.1 135 0.0 0.0 1015.4 SE 1 km/h C hPa mm 17.0 -0.1 21.7 164.5 0.0 23.9 69 20.7 +0.6 21.2 11:32 17.8 05:12 5.0 01:04 7.2 00:02 1016.3 00:02 1015.1 04:41 1.9.4 1099 6.1 20.7 26.2 0 0.00 0 118 0.0 11 1 0 ESE 394 m 22.6 0.0 847 0 
28/05/16 11:40:33 20.6 82 17.4 5.0 6.1 90 0.0 0.0 1015.4 E 1 km/h C hPa mm 17.0 -0.1 21.7 164.5 0.0 23.9 69 20.6 +0.5 21.2 11:32 17.8 05:12 5.0 01:04 7.2 00:02 1016.3 00:02 1015.1 04:41 1.9.4 1099 6.1 20.6 26.1 0 0.00 0 117 0.0 11 1 0 ESE 394 m 22.2 0.0 849 0 
28/05/16 11:41:33 20.6 82 17.4 3.6 6.1 135 0.0 0.0 1015.4 SE 1 km/h C hPa mm 17.1 -0.1 21.7 164.5 0.0 23.9 69 20.6 +0.5 21.2 11:32 17.8 05:12 5.0 01:04 7.2 00:02 1016.3 00:02 1015.1 04:41 1.9.4 1099 6.1 20.6 26.1 0 0.00 0 120 0.0 11 1 0 ESE 394 m 22.5 0.0 852 0 
28/05/16 11:42:33 20.5 82 17.3 5.0 7.2 90 0.0 0.0 1015.4 E 1 km/h C hPa mm 17.2 -0.1 21.7 164.5 0.0 23.9 69 20.5 +0.5 21.2 11:32 17.8 05:12 5.0 01:04 7.2 00:02 1016.3 00:02 1015.1 04:41 1.9.4 1099 7.2 20.5 25.9 0 0.00 0 117 0.0 11 1 0 ESE 394 m 22.0 0.0 854 0 
28/05/16 11:43:33 20.4 82 17.2 2.5 5.0 45 0.0 0.0 1015.4 NE 1 km/h C hPa mm 17.2 -0.1 21.7 164.5 0.0 23.9 69 20.4 +0.5 21.2 11:32 17.8 05:12 5.0 01:04 7.2 00:02 1016.3 00:02 1015.1 04:41 1.9.4 1099 7.2 20.4 25.7 0 0.00 0 113 0.0 11 1 0 ESE 394 m 22.4 0.0 856 0 
28/05/16 11:44:33 20.3 82 17.1 2.5 3.6 90 0.0 0.0 1015.6 E 1 km/h C hPa mm 17.3 -0.1 21.7 164.5 0.0 23.9 69 20.3 +0.4 21.2 11:32 17.8 05:12 5.0 01:04 7.2 00:02 1016.3 00:02 1015.1 04:41 1.9.4 1099 7.2 20.3 25.6 0 0.00 0 109 0.0 11 1 0 ESE 393 m 22.2 0.0 858 0 
28/05/16 11:45:33 20.3 83 17.3 2.5 5.0 90 0.0 0.0 1015.5 E 1 km/h C hPa mm 17.3 -0.1 21.7 164.5 0.0 23.9 69 20.3 +0.4 21.2 11:32 17.8 05:12 5.0 01:04 7.2 00:02 1016.3 00:02 1015.1 04:41 1.9.4 1099 7.2 20.3 25.7 0 0.00 0 100 0.0 11 1 0 E 369 m 22.3 0.0 860 0 
28/05/16 11:46:33 20.4 83 17.4 2.5 5.0 135 0.0 0.0 1015.6 SE 1 km/h C hPa mm 17.4 -0.1 21.7 164.5 0.0 23.9 69 20.4 +0.4 21.2 11:32 17.8 05:12 5.0 01:04 7.2 00:02 1016.3 00:02 1015.1 04:41 1.9.4 1099 7.2 20.4 25.9 0 0.00 0 98 0.0 11 1 0 E 382 m 22.5 0.0 862 0 
28/05/16 11:47:33 20.3 83 17.3 2.5 3.6 180 0.0 0.0 1015.5 S 1 km/h C hPa mm 17.4 0.0 21.7 164.5 0.0 23.9 69 20.3 +0.4 21.2 11:32 17.8 05:12 5.0 01:04 7.2 00:02 1016.3 00:02 1015.1 04:41 1.9.4 1099 7.2 20.3 25.7 0 0.00 0 104 0.0 11 1 0 ESE 369 m 22.3 0.0 864 0 
28/05/16 11:48:33 20.3 83 17.3 1.1 2.5 180 0.0 0.0 1015.6 S 1 km/h C hPa mm 17.5 -0.1 21.7 164.5 0.0 23.9 69 20.3 +0.4 21.2 11:32 17.8 05:12 5.0 01:04 7.2 00:02 1016.3 00:02 1015.1 04:41 1.9.4 1099 7.2 20.3 25.7 0 0.00 0 108 0.0 11 1 0 ESE 369 m 22.6 0.0 866 0 
28/05/16 11:49:33 20.3 83 17.3 0.0 2.5 180 0.0 0.0 1015.5 S 0 km/h C hPa mm 17.5 -0.1 21.7 164.5 0.0 23.9 69 20.3 +0.4 21.2 11:32 17.8 05:12 5.0 01:04 7.2 00:02 1016.3 00:02 1015.1 04:41 1.9.4 1099 7.2 20.3 25.7 0 0.00 0 108 0.0 11 1 0 ESE 369 m 22.8 0.0 868 0 
28/05/16 11:50:33 20.4 83 17.4 0.0 0.0 270 0.0 0.0 1015.5 W 0 km/h C hPa mm 17.5 -0.2 21.7 164.5 0.0 24.0 68 20.4 +0.5 21.2 11:32 17.8 05:12 5.0 01:04 7.2 00:02 1016.3 00:02 1015.1 04:41 1.9.4 1099 7.2 20.4 25.9 0 0.00 0 108 0.0 22 1 0 ESE 370 m 22.9 0.0 870 0 
28/05/16 11:51:33 20.5 83 17.5 2.5 3.6 270 0.0 0.0 1015.5 W 1 km/h C hPa mm 17.5 -0.2 21.7 164.5 0.0 24.0 68 20.5 +0.5 21.2 11:32 17.8 05:12 5.0 01:04 7.2 00:02 1016.3 00:02 1015.1 04:41 1.9.4 1099 7.2 20.5 26.0 0 0.00 0 106 0.0 22 1 0 ESE 370 m 22.6 0.0 872 0 
28/05/16 11:52:33 20.5 83 17.5 2.5 3.6 270 0.0 0.0 1015.5 W 1 km/h C hPa mm 17.5 -0.2 21.7 164.5 0.0 24.0 68 20.5 +0.6 21.2 11:32 17.8 05:12 5.0 01:04 7.2 00:02 1016.3 00:02 1015.1 04:41 1.9.4 1099 7.2 20.5 26.0 0 0.00 0 115 0.0 22 1 0 ESE 370 m 22.6 0.0 873 0 
28/05/16 11:53:33 20.7 84 17.9 1.1 3.6 270 0.0 0.0 1015.4 W 1 km/h C hPa mm 17.5 -0.2 21.7 164.5 0.0 24.0 68 20.7 +0.6 21.2 11:32 17.8 05:12 5.0 01:04 7.2 00:02 1016.3 00:02 1015.1 04:41 1.9.4 1099 5.0 20.7 26.5 0 0.00 0 145 0.0 24 1 0 SE 347 m 23.2 0.0 875 0 
28/05/16 11:54:33 20.9 84 18.1 2.5 3.6 180 0.0 0.0 1015.5 S 1 km/h C hPa mm 17.5 -0.1 21.7 164.5 0.0 24.0 68 20.9 +0.7 21.2 11:32 17.8 05:12 5.0 01:04 7.2 00:02 1016.3 00:02 1015.1 04:41 1.9.4 1099 5.0 20.9 26.9 0 0.00 0 162 0.0 16 1 0 SSE 359 m 23.2 0.0 877 0 
28/05/16 11:55:33 20.9 84 18.1 2.5 5.0 135 0.0 0.0 1015.6 SE 1 km/h C hPa mm 17.6 -0.2 21.7 164.5 0.0 24.0 68 20.9 +0.7 21.2 11:32 17.8 05:12 5.0 01:04 7.2 00:02 1016.3 00:02 1015.1 04:41 1.9.4 1099 5.0 20.9 26.9 0 0.00 0 176 0.0 24 1 0 S 347 m 23.2 0.0 879 0 
28/05/16 11:56:33 21.0 82 17.8 2.5 5.0 90 0.0 0.0 1015.4 E 1 km/h C hPa mm 17.6 -0.1 21.7 164.5 0.0 24.0 68 21.0 +0.7 21.2 11:32 17.8 05:12 5.0 01:04 7.2 00:02 1016.3 00:02 1015.1 04:41 1.9.4 1099 5.0 21.0 26.7 0 0.00 0 183 0.0 19 1 0 S 395 m 23.2 0.0 881 0 
28/05/16 11:57:33 21.0 82 17.8 2.5 5.0 90 0.0 0.0 1015.6 E 1 km/h C hPa mm 17.6 -0.1 21.7 164.5 0.0 24.0 68 21.0 +0.7 21.2 11:32 17.8 05:12 5.0 01:04 7.2 00:02 1016.3 00:02 1015.1 04:41 1.9.4 1099 5.0 21.0 26.7 0 0.00 0 174 0.0 19 1 0 S 395 m 23.2 0.0 883 0 
28/05/16 11:58:33 21.0 81 17.6 1.1 3.6 180 0.0 0.0 1015.4 S 1 km/h C hPa mm 17.7 -0.2 21.7 164.5 0.0 24.0 68 21.0 +0.7 21.2 11:32 17.8 05:12 5.0 01:04 7.2 00:02 1016.3 00:02 1015.1 04:41 1.9.4 1099 5.0 21.0 26.6 0 0.00 0 175 0.0 24 1 0 S 395 m 23.4 0.0 885 0 
28/05/16 11:59:33 21.0 81 17.6 1.1 2.5 180 0.0 0.0 1015.3 S 1 km/h C hPa mm 17.7 -0.2 21.7 164.5 0.0 24.0 68 21.0 +0.7 21.2 11:32 17.8 05:12 5.0 01:04 7.2 00:02 1016.3 00:02 1015.1 04:41 1.9.4 1099 5.0 21.0 26.6 0 0.00 0 175 0.0 24 1 0 S 420 m 23.4 0.0 886 0 
28/05/16 12:00:33 21.0 81 17.6 1.1 2.5 180 0.0 0.0 1015.3 S 1 km/h C hPa mm 17.7 -0.2 21.7 164.5 0.0 24.0 68 21.0 +0.7 21.2 11:32 17.8 05:12 5.0 01:04 7.2 00:02 1016.3 00:02 1015.1 04:41 1.9.4 1099 5.0 21.0 26.6 0 0.00 0 174 0.0 24 1 0 S 420 m 23.4 0.0 888 0 
28/05/16 12:01:33 21.0 81 17.6 1.1 2.5 180 0.0 0.0 1015.3 S 1 km/h C hPa mm 17.8 -0.2 21.7 164.5 0.0 24.0 68 21.0 +0.7 21.2 11:32 17.8 05:12 5.0 01:04 7.2 00:02 1016.3 00:02 1015.1 04:41 1.9.4 1099 5.0 21.0 26.6 0 0.00 0 172 0.0 24 1 0 S 420 m 23.4 0.0 890 0 
28/05/16 12:02:33 21.1 80 17.5 3.6 5.0 135 0.0 0.0 1015.3 SE 1 km/h C hPa mm 17.8 -0.3 21.7 164.5 0.0 24.0 68 21.1 +0.8 21.2 11:32 17.8 05:12 5.0 01:04 7.2 00:02 1016.3 00:02 1015.1 04:41 1.9.4 1099 7.2 21.1 26.6 0 0.00 0 154 0.0 24 1 0 SSE 444 m 23.0 0.0 892 0 
28/05/16 12:03:33 21.1 79 17.3 3.6 5.0 135 0.0 0.0 1015.3 SE 1 km/h C hPa mm 17.9 -0.2 21.7 164.5 0.0 24.1 68 21.1 +0.8 21.2 11:32 17.8 05:12 5.0 01:04 7.2 00:02 1016.3 00:02 1015.1 04:41 1.9.4 1099 7.2 21.1 26.5 0 0.00 0 143 0.0 24 1 0 SE 469 m 22.9 0.0 894 0 
28/05/16 12:04:33 21.1 79 17.3 3.6 6.1 135 0.0 0.0 1015.2 SE 1 km/h C hPa mm 18.0 -0.2 21.7 164.5 0.0 24.1 68 21.1 +0.8 21.2 11:32 17.8 05:12 5.0 01:04 7.2 00:02 1016.3 00:02 1015.1 04:41 1.9.4 1099 7.2 21.1 26.5 0 0.00 0 143 0.0 24 1 0 SE 469 m 22.9 0.0 895 0 
28/05/16 12:05:33 21.1 79 17.3 3.6 6.1 135 0.0 0.0 1015.4 SE 1 km/h C hPa mm 18.0 -0.2 21.7 164.5 0.0 24.1 68 21.1 +0.8 21.2 11:32 17.8 05:12 5.0 01:04 7.2 00:02 1016.3 00:02 1015.1 04:41 1.9.4 1099 7.2 21.1 26.5 0 0.00 0 140 0.0 24 1 0 SE 469 m 22.9 0.0 897 0 
28/05/16 12:06:33 21.2 79 17.4 3.6 6.1 135 0.0 0.0 1015.3 SE 1 km/h C hPa mm 18.1 -0.3 21.7 164.5 0.0 24.1 68 21.2 +0.8 21.2 11:32 17.8 05:12 5.0 01:04 7.2 00:02 1016.3 00:02 1015.1 04:41 1.9.4 1099 7.2 21.2 26.7 0 0.00 0 142 0.0 24 1 0 SE 482 m 23.0 0.0 899 0 
28/05/16 12:07:33 21.2 79 17.4 3.6 6.1 135 0.0 0.0 1015.2 SE 1 km/h C hPa mm 18.1 -0.2 21.7 164.5 0.0 24.1 68 21.2 +0.8 21.2 11:32 17.8 05:12 5.0 01:04 7.2 00:02 1016.3 00:02 1015.1 04:41 1.9.4 1099 7.2 21.2 26.7 0 0.00 0 146 0.0 24 1 0 SE 470 m 23.0 0.0 900 0 
28/05/16 12:08:33 21.2 79 17.4 3.6 5.0 135 0.0 0.0 1015.2 SE 1 km/h C hPa mm 18.2 -0.3 21.7 164.5 0.0 24.1 68 21.2 +0.8 21.2 11:32 17.8 05:12 5.0 01:04 7.2 00:02 1016.3 00:02 1015.1 04:41 1.9.4 1099 7.2 21.2 26.7 0 0.00 0 142 0.0 24 1 0 SE 470 m 23.0 0.0 902 0 
28/05/16 12:09:33 21.2 79 17.4 5.0 7.2 112 0.0 0.0 1015.2 ESE 1 km/h C hPa mm 18.3 -0.3 21.7 164.5 0.0 24.1 68 21.2 +0.8 21.2 11:32 17.8 05:12 5.0 01:04 7.2 00:02 1016.3 00:02 1015.1 04:41 1.9.4 1099 7.2 21.2 26.7 0 0.00 0 136 0.0 24 1 0 SE 470 m 22.8 0.0 904 0 
28/05/16 12:10:33 21.2 78 17.2 2.5 5.0 180 0.0 0.0 1015.2 S 1 km/h C hPa mm 18.4 -0.3 21.7 164.5 0.0 24.1 68 21.2 +0.8 21.2 11:32 17.8 05:12 6.1 12:09 7.2 00:02 1016.3 00:02 1015.1 04:41 1.9.4 1099 7.2 21.2 26.5 0 0.00 0 135 0.0 24 1 0 SE 495 m 23.2 0.0 905 0 
28/05/16 12:11:33 21.2 78 17.2 2.5 5.0 180 0.0 0.0 1015.2 S 1 km/h C hPa mm 18.4 -0.3 21.7 164.5 0.0 24.1 68 21.2 +0.8 21.2 11:32 17.8 05:12 6.1 12:09 7.2 00:02 1016.3 00:02 1015.1 04:41 1.9.4 1099 7.2 21.2 26.5 0 0.00 0 137 0.0 24 1 0 SE 495 m 23.2 0.0 907 0 
28/05/16 12:12:33 21.3 78 17.3 5.0 8.6 90 0.0 0.0 1015.2 E 1 km/h C hPa mm 18.5 -0.3 21.7 164.5 0.0 24.2 68 21.3 +0.8 21.3 12:12 17.8 05:12 6.1 12:09 8.6 12:12 1016.3 00:02 1015.1 04:41 1.9.4 1099 8.6 21.3 26.7 0 0.00 0 135 0.0 24 1 0 SE 495 m 22.8 0.0 909 0 
28/05/16 12:13:33 21.4 78 17.4 5.0 8.6 90 0.0 0.0 1015.1 E 1 km/h C hPa mm 18.6 -0.3 21.7 164.5 0.0 24.2 68 21.4 +0.9 21.4 12:12 17.8 05:12 6.1 12:09 8.6 12:12 1016.3 00:02 1015.1 04:41 1.9.4 1099 8.6 21.4 26.9 0 0.00 0 129 0.0 24 1 0 SE 496 m 23.0 0.0 910 0 
28/05/16 12:14:33 21.5 78 17.5 3.6 6.1 90 0.0 0.0 1015.1 E 1 km/h C hPa mm 18.6 -0.3 21.7 164.5 0.0 24.2 67 21.5 +0.9 21.5 12:14 17.8 05:12 6.1 12:09 8.6 12:12 1016.3 00:02 1015.1 04:41 1.9.4 1099 8.6 21.5 27.0 0 0.00 0 124 0.0 24 1 0 SE 508 m 23.4 0.0 912 0 
28/05/16 12:15:33 21.5 78 17.5 5.0 7.2 45 0.0 0.0 1015.1 NE 1 km/h C hPa mm 18.7 -0.3 21.7 164.5 0.0 24.2 67 21.5 +0.9 21.5 12:14 17.8 05:12 6.1 12:09 8.6 12:12 1016.3 00:02 1015.1 04:41 1.9.4 1099 8.6 21.5 27.0 0 0.00 0 118 0.0 22 1 0 ESE 496 m 23.1 0.0 913 0 
28/05/16 12:16:33 21.5 77 17.3 2.5 5.0 45 0.0 0.0 1015.1 NE 1 km/h C hPa mm 18.8 -0.3 21.7 164.5 0.0 24.2 67 21.5 +0.9 21.5 12:14 17.8 05:12 6.1 12:09 8.6 12:12 1016.3 00:02 1015.1 04:41 1.9.4 1099 8.6 21.5 26.9 0 0.00 0 110 0.0 22 1 0 ESE 521 m 23.5 0.0 915 0 
28/05/16 12:17:33 21.5 77 17.3 1.1 2.5 225 0.0 0.0 1015.2 SW 1 km/h C hPa mm 18.8 -0.3 21.7 164.5 0.0 24.2 67 21.5 +0.9 21.5 12:14 17.8 05:12 6.1 12:09 8.6 12:12 1016.3 00:02 1015.1 04:41 1.9.4 1099 8.6 21.5 26.9 0 0.00 0 108 0.0 22 1 0 ESE 521 m 23.8 0.0 916 0 
28/05/16 12:18:33 21.6 77 17.4 1.1 2.5 90 0.0 0.0 1015.0 E 1 km/h C hPa mm 18.8 -0.3 21.7 164.5 0.0 24.2 67 21.6 +0.9 21.6 12:18 17.8 05:12 6.1 12:09 8.6 12:12 1016.3 00:02 1015.0 12:18 1.9.4 1099 8.6 21.6 27.1 0 0.00 0 107 0.0 22 1 0 ESE 534 m 23.9 0.0 918 0 
28/05/16 12:19:33 21.8 78 17.8 1.1 3.6 90 0.0 0.0 1015.1 E 1 km/h C hPa mm 18.8 -0.3 21.7 164.5 0.0 24.2 67 21.8 +0.9 21.8 12:19 17.8 05:12 6.1 12:09 8.6 12:12 1016.3 00:02 1015.0 12:18 1.9.4 1099 8.6 21.8 27.5 0 0.00 0 103 0.0 22 1 0 ESE 497 m 24.3 0.0 920 0 
28/05/16 12:20:33 21.8 78 17.8 1.1 3.6 90 0.0 0.0 1015.1 E 1 km/h C hPa mm 18.8 -0.3 21.7 164.5 0.0 24.2 67 21.8 +1.0 21.8 12:19 17.8 05:12 6.1 12:09 8.6 12:12 1016.3 00:02 1015.0 12:18 1.9.4 1099 8.6 21.8 27.5 0 0.00 0 97 0.0 22 1 0 E 497 m 24.3 0.0 921 0 
28/05/16 12:21:33 22.0 77 17.8 5.0 6.1 270 0.0 0.0 1015.2 W 1 km/h C hPa mm 18.9 -0.2 21.7 164.5 0.0 24.3 67 22.0 +1.0 22.0 12:20 17.8 05:12 6.1 12:09 8.6 12:12 1016.3 00:02 1015.0 12:18 1.9.4 1099 8.6 22.0 27.7 0 0.00 0 89 0.0 22 1 0 E 523 m 23.7 0.0 922 0 
28/05/16 12:22:33 22.1 75 17.5 5.0 8.6 90 0.0 0.0 1015.2 E 1 km/h C hPa mm 19.0 -0.2 21.7 164.5 0.0 24.3 67 22.1 +1.0 22.1 12:22 17.8 05:12 6.1 12:09 8.6 12:12 1016.3 00:02 1015.0 12:18 1.9.4 1099 8.6 22.1 27.6 0 0.00 0 81 0.0 22 1 0 E 536 m 23.7 0.0 924 0 
28/05/16 12:23:33 22.1 75 17.5 3.6 6.1 315 0.0 0.0 1015.2 NW 1 km/h C hPa mm 19.1 -0.2 21.7 164.5 0.0 24.3 67 22.1 +1.0 22.1 12:22 17.8 05:12 6.1 12:09 8.6 12:12 1016.3 00:02 1015.0 12:18 1.9.4 1099 8.6 22.1 27.6 0 0.00 0 76 0.0 21 1 0 ENE 576 m 24.0 0.0 925 0 
28/05/16 12:24:33 22.1 74 17.3 3.6 5.0 90 0.0 0.0 1015.0 E 1 km/h C hPa mm 19.1 -0.2 21.7 164.5 0.0 24.3 67 22.1 +1.0 22.1 12:22 17.8 05:12 6.1 12:09 8.6 12:12 1016.3 00:02 1015.0 12:18 1.9.4 1099 8.6 22.1 27.5 0 0.00 0 66 0.0 21 1 0 ENE 602 m 23.9 0.0 927 0 
28/05/16 12:25:33 22.1 74 17.3 3.6 5.0 90 0.0 0.0 1015.2 E 1 km/h C hPa mm 19.2 -0.2 21.7 164.5 0.0 24.3 67 22.1 +1.0 22.1 12:22 17.8 05:12 6.1 12:09 8.6 12:12 1016.3 00:02 1015.0 12:18 1.9.4 1099 8.6 22.1 27.5 0 0.00 0 69 0.0 21 1 0 ENE 602 m 23.9 0.0 928 0 
28/05/16 12:26:33 22.1 74 17.3 5.0 6.1 135 0.0 0.0 1015.1 SE 1 km/h C hPa mm 19.3 -0.2 21.7 164.5 0.0 24.3 67 22.1 +1.1 22.2 12:25 17.8 05:12 6.1 12:09 8.6 12:12 1016.3 00:02 1015.0 12:18 1.9.4 1099 8.6 22.1 27.5 0 0.00 0 106 0.0 22 1 0 ESE 590 m 23.6 0.0 930 0 
28/05/16 12:27:33 22.0 73 17.0 3.6 6.1 90 0.0 0.0 1015.0 E 1 km/h C hPa mm 19.3 -0.2 21.7 164.5 0.0 24.3 67 22.0 +1.0 22.2 12:25 17.8 05:12 6.1 12:09 8.6 12:12 1016.3 00:02 1015.0 12:18 1.9.4 1099 8.6 22.0 27.1 0 0.00 0 107 0.0 22 1 0 ESE 629 m 23.7 0.0 931 0 
28/05/16 12:28:33 21.9 74 17.1 1.1 3.6 135 0.0 0.0 1014.9 SE 1 km/h C hPa mm 19.4 -0.2 21.7 164.5 0.0 24.3 67 21.9 +1.0 22.2 12:25 17.8 05:12 6.1 12:09 8.6 12:12 1016.3 00:02 1014.9 12:28 1.9.4 1099 8.6 21.9 27.1 0 0.00 0 103 0.0 22 1 0 ESE 601 m 24.1 0.0 932 0 
28/05/16 12:29:33 21.9 74 17.1 2.5 3.6 45 0.0 0.0 1015.1 NE 1 km/h C hPa mm 19.5 -0.2 21.7 164.5 0.0 24.3 67 21.9 +1.0 22.2 12:25 17.8 05:12 6.1 12:09 8.6 12:12 1016.3 00:02 1014.9 12:28 1.9.4 1099 8.6 21.9 27.1 0 0.00 0 100 0.0 22 1 0 E 601 m 23.8 0.0 934 0 
28/05/16 12:30:33 22.0 74 17.2 3.6 6.1 45 0.0 0.0 1015.0 NE 1 km/h C hPa mm 19.5 -0.2 21.7 164.5 0.0 24.4 67 22.0 +1.0 22.2 12:25 17.8 05:12 6.1 12:09 8.6 12:12 1016.3 00:02 1014.9 12:28 1.9.4 1099 8.6 22.0 27.3 0 0.00 0 109 0.0 22 1 0 ESE 602 m 23.7 0.0 935 0 
28/05/16 12:31:33 22.0 74 17.2 3.6 6.1 45 0.0 0.0 1015.0 NE 1 km/h C hPa mm 19.6 -0.2 21.7 164.5 0.0 24.4 67 22.0 +1.0 22.2 12:25 17.8 05:12 6.1 12:09 8.6 12:12 1016.3 00:02 1014.9 12:28 1.9.4 1099 8.6 22.0 27.3 0 0.00 0 95 0.0 22 1 0 E 602 m 23.7 0.0 936 0 
28/05/16 12:32:33 22.1 74 17.3 3.6 5.0 180 0.0 0.0 1015.0 S 1 km/h C hPa mm 19.6 -0.2 21.7 164.5 0.0 24.4 67 22.1 +1.0 22.2 12:25 17.8 05:12 6.1 12:09 8.6 12:12 1016.3 00:02 1014.9 12:28 1.9.4 1099 8.6 22.1 27.5 0 0.00 0 96 0.0 22 1 0 E 602 m 23.9 0.0 938 0 
28/05/16 12:33:33 22.2 74 17.4 1.1 2.5 180 0.0 0.0 1015.0 S 1 km/h C hPa mm 19.6 -0.2 21.7 164.5 0.0 24.4 67 22.2 +1.1 22.2 12:25 17.8 05:12 6.1 12:09 8.6 12:12 1016.3 00:02 1014.9 12:28 1.9.4 1099 8.6 22.2 27.6 0 0.00 0 105 0.0 22 1 0 ESE 603 m 24.5 0.0 939 0 
28/05/16 12:34:33 22.4 74 17.6 1.1 2.5 180 0.0 0.0 1014.9 S 1 km/h C hPa mm 19.7 -0.3 21.7 164.5 0.0 24.4 67 22.4 +1.1 22.4 12:34 17.8 05:12 6.1 12:09 8.6 12:12 1016.3 00:02 1014.8 12:33 1.9.4 1099 8.6 22.4 28.0 0 0.00 0 113 0.0 22 1 0 ESE 616 m 24.8 0.0 940 0 
28/05/16 12:35:33 22.4 74 17.6 1.1 2.5 180 0.0 0.0 1014.8 S 1 km/h C hPa mm 19.7 -0.3 21.7 164.5 0.0 24.4 67 22.4 +1.1 22.4 12:34 17.8 05:12 6.1 12:09 8.6 12:12 1016.3 00:02 1014.8 12:33 1.9.4 1099 8.6 22.4 28.0 0 0.00 0 121 0.0 22 1 0 ESE 604 m 24.8 0.0 941 0 
28/05/16 12:36:33 22.4 74 17.6 1.1 2.5 180 0.0 0.0 1014.9 S 1 km/h C hPa mm 19.7 -0.3 21.7 164.5 0.0 24.4 67 22.4 +1.1 22.4 12:34 17.8 05:12 6.1 12:09 8.6 12:12 1016.3 00:02 1014.8 12:33 1.9.4 1099 6.1 22.4 28.0 0 0.00 0 124 0.0 24 1 0 SE 604 m 24.8 0.0 943 0 
28/05/16 12:37:33 22.7 73 17.6 2.5 7.2 180 0.0 0.0 1014.7 S 1 km/h C hPa mm 19.7 -0.3 21.7 164.5 0.0 24.4 67 22.7 +1.2 22.7 12:36 17.8 05:12 6.1 12:09 8.6 12:12 1016.3 00:02 1014.7 12:36 1.9.4 1099 7.2 22.7 28.3 0 0.00 0 139 0.0 24 1 0 SE 632 m 24.8 0.0 944 0 
28/05/16 12:38:33 22.8 73 17.7 8.6 11.2 90 0.0 0.0 1014.7 E 2 km/h C hPa mm 19.8 -0.3 21.7 164.5 0.0 24.5 67 22.8 +1.2 22.8 12:38 17.8 05:12 8.6 12:38 11.2 12:38 1016.3 00:02 1014.7 12:36 1.9.4 1099 11.2 22.8 28.5 0 0.00 0 149 0.0 24 1 0 SSE 644 m 23.8 0.0 945 0 
28/05/16 12:39:33 22.8 73 17.7 8.6 11.2 90 0.0 0.0 1014.7 E 2 km/h C hPa mm 20.0 -0.3 21.7 164.5 0.0 24.5 67 22.8 +1.3 22.8 12:38 17.8 05:12 8.6 12:38 11.2 12:38 1016.3 00:02 1014.7 12:36 1.9.4 1099 11.2 22.8 28.5 0 0.00 0 135 0.0 24 1 0 SE 632 m 23.8 0.0 946 0 
28/05/16 12:40:33 22.6 71 17.1 5.0 8.6 180 0.0 0.0 1014.8 S 1 km/h C hPa mm 20.1 -0.3 21.7 164.5 0.0 24.5 67 22.6 +1.3 22.8 12:38 17.8 05:12 8.6 12:38 11.2 12:38 1016.3 00:02 1014.7 12:36 1.9.4 1099 11.2 22.6 27.8 0 0.00 0 131 0.0 24 1 0 SE 686 m 24.0 0.0 947 0 
28/05/16 12:41:33 22.4 71 16.9 3.6 6.1 135 0.0 0.0 1014.7 SE 1 km/h C hPa mm 20.2 -0.3 21.7 164.5 0.0 24.5 67 22.4 +1.1 22.8 12:38 17.8 05:12 8.6 12:38 11.2 12:38 1016.3 00:02 1014.7 12:36 1.9.4 1099 11.2 22.4 27.5 0 0.00 0 143 0.0 24 1 0 SE 685 m 24.0 0.0 949 0 
28/05/16 12:42:33 22.4 71 16.9 3.6 6.1 135 0.0 0.0 1014.8 SE 1 km/h C hPa mm 20.2 -0.3 21.7 164.5 0.0 24.5 67 22.4 +1.1 22.8 12:38 17.8 05:12 8.6 12:38 11.2 12:38 1016.3 00:02 1014.7 12:36 1.9.4 1099 11.2 22.4 27.5 0 0.00 0 145 0.0 24 1 0 SE 685 m 24.0 0.0 950 0 
28/05/16 12:43:33 22.5 72 17.2 3.6 6.1 180 0.0 0.0 1014.8 S 1 km/h C hPa mm 20.3 -0.3 21.7 164.5 0.0 24.5 67 22.5 +1.1 22.8 12:38 17.8 05:12 8.6 12:38 11.2 12:38 1016.3 00:02 1014.7 12:36 1.9.4 1099 11.2 22.5 27.8 0 0.00 0 143 0.0 24 1 0 SE 658 m 24.3 0.0 951 0 
28/05/16 12:44:33 22.5 72 17.2 2.5 5.0 180 0.0 0.0 1014.8 S 1 km/h C hPa mm 20.4 -0.3 21.7 164.5 0.0 24.5 67 22.5 +1.2 22.8 12:38 17.8 05:12 8.6 12:38 11.2 12:38 1016.3 00:02 1014.7 12:36 1.9.4 1099 11.2 22.5 27.8 0 0.00 0 145 0.0 24 1 0 SE 658 m 24.5 0.0 952 0 
28/05/16 12:45:33 22.6 72 17.3 5.0 7.2 225 0.0 0.0 1014.8 SW 1 km/h C hPa mm 20.4 -0.3 21.7 164.5 0.0 24.5 67 22.6 +1.2 22.8 12:38 17.8 05:12 8.6 12:38 11.2 12:38 1016.3 00:02 1014.7 12:36 1.9.4 1099 11.2 22.6 28.0 0 0.00 0 150 0.0 24 1 0 SSE 659 m 24.1 0.0 953 0 
28/05/16 12:46:33 22.8 72 17.5 6.1 8.6 135 0.0 0.0 1014.8 SE 2 km/h C hPa mm 20.5 -0.3 21.7 164.5 0.0 24.5 67 22.8 +1.2 22.8 12:38 17.8 05:12 8.6 12:38 11.2 12:38 1016.3 00:02 1014.7 12:36 1.9.4 1099 11.2 22.8 28.3 0 0.00 0 152 0.0 24 1 0 SSE 644 m 24.2 0.0 954 0 
28/05/16 12:47:33 22.8 72 17.5 6.1 8.6 135 0.0 0.0 1014.8 SE 2 km/h C hPa mm 20.6 -0.3 21.7 164.5 0.0 24.5 67 22.8 +1.3 22.8 12:38 17.8 05:12 8.6 12:38 11.2 12:38 1016.3 00:02 1014.7 12:36 1.9.4 1099 11.2 22.8 28.3 0 0.00 0 147 0.0 24 1 0 SSE 660 m 24.2 0.0 955 0 
28/05/16 12:48:33 22.8 71 17.3 9.7 12.2 135 0.0 0.0 1014.8 SE 2 km/h C hPa mm 20.7 -0.3 21.7 164.5 0.0 24.5 67 22.8 +1.3 22.8 12:38 17.8 05:12 9.7 12:48 12.2 12:48 1016.3 00:02 1014.7 12:36 1.9.4 1099 12.2 22.8 28.2 0 0.00 0 141 0.0 24 1 0 SE 687 m 23.4 0.0 956 0 
28/05/16 12:49:33 22.8 71 17.3 6.1 11.2 135 0.0 0.0 1014.9 SE 2 km/h C hPa mm 20.8 -0.3 21.7 164.5 0.0 24.5 67 22.8 +1.3 22.8 12:38 17.8 05:12 9.7 12:48 12.2 12:48 1016.3 00:02 1014.7 12:36 1.9.4 1099 12.2 22.8 28.2 0 0.00 0 151 0.0 24 1 0 SSE 687 m 24.1 0.0 957 0 
28/05/16 12:50:33 22.7 71 17.2 5.0 9.7 180 0.0 0.0 1014.8 S 1 km/h C hPa mm 20.9 -0.3 21.7 164.5 0.0 24.5 67 22.7 +1.2 22.8 12:38 17.8 05:12 9.7 12:48 12.2 12:48 1016.3 00:02 1014.7 12:36 1.9.4 1099 12.2 22.7 28.0 0 0.00 0 151 0.0 24 1 0 SSE 687 m 24.2 0.0 958 0 
28/05/16 12:51:33 22.7 72 17.4 3.6 6.1 158 0.0 0.0 1014.8 SSE 1 km/h C hPa mm 21.0 -0.3 21.7 164.5 0.0 24.6 67 22.7 +1.2 22.8 12:38 17.8 05:12 9.7 12:48 12.2 12:48 1016.3 00:02 1014.7 12:36 1.9.4 1099 12.2 22.7 28.2 0 0.00 0 154 0.0 24 1 0 SSE 659 m 24.5 0.0 959 0 
28/05/16 12:52:33 22.7 72 17.4 3.6 6.1 158 0.0 0.0 1014.8 SSE 1 km/h C hPa mm 21.0 -0.3 21.7 164.5 0.0 24.6 67 22.7 +0.9 22.8 12:38 17.8 05:12 9.7 12:48 12.2 12:48 1016.3 00:02 1014.7 12:36 1.9.4 1099 12.2 22.7 28.2 0 0.00 0 156 0.0 24 1 0 SSE 659 m 24.5 0.0 960 0 
28/05/16 12:53:33 22.8 72 17.5 7.2 11.2 135 0.0 0.0 1014.8 SE 2 km/h C hPa mm 21.2 -0.3 21.7 164.5 0.0 24.6 67 22.8 +0.9 22.8 12:38 17.8 05:12 9.7 12:48 12.2 12:48 1016.3 00:02 1014.7 12:36 1.9.4 1099 12.2 22.8 28.3 0 0.00 0 154 0.0 24 1 0 SSE 660 m 24.0 0.0 961 0 
28/05/16 12:54:33 22.9 71 17.4 6.1 9.7 90 0.0 0.0 1014.7 E 2 km/h C hPa mm 21.3 -0.3 21.7 164.5 0.0 24.6 67 22.9 +0.9 22.9 12:54 17.8 05:12 9.7 12:48 12.2 12:48 1016.3 00:02 1014.7 12:36 1.9.4 1099 12.2 22.9 28.3 0 0.00 0 149 0.0 24 1 0 SSE 672 m 24.2 0.0 962 0 
28/05/16 12:55:33 23.1 71 17.6 6.1 11.2 135 0.0 0.0 1014.7 SE 2 km/h C hPa mm 21.4 -0.4 21.7 164.5 0.0 24.6 67 23.1 +1.0 23.1 12:55 17.8 05:12 9.7 12:48 12.2 12:48 1016.3 00:02 1014.7 12:36 1.9.4 1099 12.2 23.1 28.7 0 0.00 0 140 0.0 24 1 0 SE 689 m 24.5 0.0 963 0 
28/05/16 12:56:33 23.1 71 17.6 8.6 13.3 135 0.0 0.0 1014.8 SE 2 km/h C hPa mm 21.5 -0.4 21.7 164.5 0.0 24.6 67 23.1 +1.0 23.1 12:55 17.8 05:12 9.7 12:48 13.3 12:56 1016.3 00:02 1014.7 12:36 1.9.4 1099 13.3 23.1 28.7 0 0.00 0 137 0.0 24 1 0 SE 689 m 24.0 0.0 964 0 
28/05/16 12:57:33 23.0 70 17.3 6.1 8.6 135 0.0 0.0 1014.8 SE 2 km/h C hPa mm 21.6 -0.3 21.7 164.5 0.0 24.6 67 23.0 +1.0 23.1 12:55 17.8 05:12 9.7 12:48 13.3 12:56 1016.3 00:02 1014.7 12:36 1.9.4 1099 13.3 23.0 28.3 0 0.00 0 137 0.0 24 1 0 SE 716 m 24.3 0.0 965 0 
28/05/16 12:58:33 22.8 70 17.1 9.7 12.2 180 0.0 0.0 1014.7 S 2 km/h C hPa mm 21.7 -0.4 21.7 164.5 0.0 24.6 67 22.8 +1.0 23.1 12:55 17.8 05:12 9.7 12:48 13.3 12:56 1016.3 00:02 1014.7 12:36 1.9.4 1099 13.3 22.8 28.0 0 0.00 0 138 0.0 24 1 0 SE 691 m 23.3 0.0 966 0 
28/05/16 12:59:33 22.6 70 16.9 11.2 12.2 135 0.0 0.0 1014.8 SE 2 km/h C hPa mm 21.8 -0.4 21.7 164.5 0.0 24.6 67 22.6 +0.9 23.1 12:55 17.8 05:12 11.2 12:59 13.3 12:56 1016.3 00:02 1014.7 12:36 1.9.4 1099 13.3 22.6 27.7 0 0.00 0 142 0.0 24 1 0 SE 714 m 22.7 0.0 967 0 
28/05/16 13:00:33 22.5 71 17.0 7.2 9.7 90 0.0 0.0 1014.7 E 2 km/h C hPa mm 22.0 -0.3 21.7 164.5 0.0 24.6 67 22.5 +0.9 23.1 12:55 17.8 05:12 11.2 12:59 13.3 12:56 1016.3 00:02 1014.7 12:36 1.9.4 1099 13.3 22.5 27.7 0 0.00 0 140 0.0 24 1 0 SE 686 m 23.5 0.0 967 0 
28/05/16 13:01:33 22.4 71 16.9 2.5 6.1 90 0.0 0.0 1014.6 E 1 km/h C hPa mm 22.1 -0.4 21.7 164.5 0.0 24.7 67 22.4 +0.8 23.1 12:55 17.8 05:12 11.2 12:59 13.3 12:56 1016.3 00:02 1014.6 13:00 1.9.4 1099 13.3 22.4 27.5 0 0.00 0 132 0.0 24 1 0 SE 685 m 24.2 0.0 968 0 
28/05/16 13:02:33 22.5 72 17.2 3.6 7.2 90 0.0 0.0 1014.5 E 1 km/h C hPa mm 22.2 -0.4 21.7 164.5 0.0 24.7 67 22.5 +0.8 23.1 12:55 17.8 05:12 11.2 12:59 13.3 12:56 1016.3 00:02 1014.5 13:02 1.9.4 1099 13.3 22.5 27.8 0 0.00 0 127 0.0 24 1 0 SE 698 m 24.3 0.0 969 0 
28/05/16 13:03:33 22.7 72 17.4 5.0 9.7 90 0.0 0.0 1014.8 E 1 km/h C hPa mm 22.2 -0.4 21.7 164.5 0.0 24.7 67 22.7 +0.8 23.1 12:55 17.8 05:12 11.2 12:59 13.3 12:56 1016.3 00:02 1014.5 13:02 1.9.4 1099 13.3 22.7 28.2 0 0.00 0 122 0.0 22 1 0 ESE 659 m 24.3 0.0 970 0 
28/05/16 13:04:33 22.8 72 17.5 7.2 9.7 90 0.0 0.0 1014.7 E 2 km/h C hPa mm 22.3 -0.3 21.7 164.5 0.0 24.7 67 22.8 +0.9 23.1 12:55 17.8 05:12 11.2 12:59 13.3 12:56 1016.3 00:02 1014.5 13:02 1.9.4 1099 13.3 22.8 28.3 0 0.00 0 117 0.0 22 1 0 ESE 660 m 24.0 0.0 971 0 
28/05/16 13:05:33 23.0 72 17.7 7.2 9.7 135 0.0 0.0 1014.8 SE 2 km/h C hPa mm 22.4 -0.3 21.7 164.5 0.0 24.7 67 23.0 +1.0 23.1 12:55 17.8 05:12 11.2 12:59 13.3 12:56 1016.3 00:02 1014.5 13:02 1.9.4 1099 13.3 23.0 28.7 0 0.00 0 121 0.0 22 1 0 ESE 660 m 24.3 0.0 971 0 
28/05/16 13:06:33 23.0 72 17.7 7.2 9.7 135 0.0 0.0 1014.7 SE 2 km/h C hPa mm 22.5 -0.4 21.7 164.5 0.0 24.7 67 23.0 +1.0 23.1 12:55 17.8 05:12 11.2 12:59 13.3 12:56 1016.3 00:02 1014.5 13:02 1.9.4 1099 13.3 23.0 28.7 0 0.00 0 121 0.0 22 1 0 ESE 660 m 24.3 0.0 972 0 
28/05/16 13:07:33 22.8 70 17.1 3.6 7.2 90 0.0 0.0 1014.5 E 1 km/h C hPa mm 22.7 -0.4 21.7 164.5 0.0 24.7 67 22.8 +1.0 23.1 12:55 17.8 05:12 11.2 12:59 13.3 12:56 1016.3 00:02 1014.5 13:02 1.9.4 1099 12.2 22.8 28.0 0 0.00 0 119 0.0 22 1 0 ESE 715 m 24.5 0.0 973 0 
28/05/16 13:08:33 23.0 70 17.3 6.1 9.7 90 0.0 0.0 1014.5 E 2 km/h C hPa mm 22.7 -0.4 21.7 164.5 0.0 24.7 67 23.0 +0.9 23.1 12:55 17.8 05:12 11.2 12:59 13.3 12:56 1016.3 00:02 1014.5 13:02 1.9.4 1099 12.2 23.0 28.3 0 0.00 0 114 0.0 22 1 0 ESE 716 m 24.3 0.0 973 0 
28/05/16 13:09:33 23.1 70 17.3 9.7 12.2 90 0.0 0.0 1014.5 E 2 km/h C hPa mm 22.9 -0.4 21.7 164.5 0.0 24.7 67 23.1 +1.0 23.1 12:55 17.8 05:12 11.2 12:59 13.3 12:56 1016.3 00:02 1014.5 13:02 1.9.4 1099 12.2 23.1 28.5 0 0.00 0 103 0.0 22 1 0 ESE 717 m 23.7 0.0 974 0 
28/05/16 13:10:33 23.3 70 17.5 3.6 7.2 135 0.0 0.0 1014.6 SE 1 km/h C hPa mm 23.0 -0.4 21.7 164.5 0.0 24.8 67 23.3 +1.1 23.3 13:10 17.8 05:12 11.2 12:59 13.3 12:56 1016.3 00:02 1014.5 13:02 1.9.4 1099 12.2 23.3 28.8 0 0.00 0 102 0.0 22 1 0 ESE 730 m 25.2 0.0 975 0 
28/05/16 13:11:33 23.4 70 17.6 5.0 8.6 45 0.0 0.0 1014.6 NE 1 km/h C hPa mm 23.1 -0.4 21.7 164.5 0.0 24.8 67 23.4 +1.1 23.4 13:11 17.8 05:12 11.2 12:59 13.3 12:56 1016.3 00:02 1014.5 13:02 1.9.4 1099 12.2 23.4 29.0 0 0.00 0 103 0.0 22 1 0 ESE 718 m 25.1 0.0 975 0 
28/05/16 13:12:33 23.4 69 17.4 5.0 7.2 90 0.0 0.0 1014.6 E 1 km/h C hPa mm 23.1 -0.4 21.7 164.5 0.0 24.8 67 23.4 +1.1 23.4 13:11 17.8 05:12 11.2 12:59 13.3 12:56 1016.3 00:02 1014.5 13:02 1.9.4 1099 12.2 23.4 28.9 0 0.00 0 101 0.0 22 1 0 E 747 m 25.0 0.0 976 0 
28/05/16 13:13:33 23.5 69 17.5 7.2 11.2 90 0.0 0.0 1014.6 E 2 km/h C hPa mm 23.3 -0.4 21.7 164.5 0.0 24.8 67 23.5 +1.2 23.5 13:12 17.8 05:12 11.2 12:59 13.3 12:56 1016.3 00:02 1014.5 13:02 1.9.4 1099 12.2 23.5 29.0 0 0.00 0 101 0.0 22 1 0 E 747 m 24.7 0.0 977 0 
28/05/16 13:14:33 23.6 68 17.4 3.6 7.2 45 0.0 0.0 1014.8 NE 1 km/h C hPa mm 23.4 -0.4 21.7 164.5 0.0 24.8 67 23.6 +1.2 23.6 13:13 17.8 05:12 11.2 12:59 13.3 12:56 1016.3 00:02 1014.5 13:02 1.9.4 1099 12.2 23.6 29.0 0 0.00 0 97 0.0 22 1 0 E 748 m 25.4 0.0 977 0 
28/05/16 13:15:33 23.6 68 17.4 7.2 11.2 90 0.0 0.0 1014.7 E 2 km/h C hPa mm 23.4 -0.3 21.7 164.5 0.0 24.8 67 23.6 +1.2 23.6 13:13 17.8 05:12 11.2 12:59 13.3 12:56 1016.3 00:02 1014.5 13:02 1.9.4 1099 12.2 23.6 29.0 0 0.00 0 90 0.0 22 1 0 E 777 m 24.7 0.0 978 0 
28/05/16 13:16:33 23.6 68 17.4 6.1 11.2 90 0.0 0.0 1014.8 E 2 km/h C hPa mm 23.6 -0.4 21.7 164.5 0.0 24.9 67 23.6 +1.2 23.6 13:13 17.8 05:12 11.2 12:59 13.3 12:56 1016.3 00:02 1014.5 13:02 1.9.4 1099 12.2 23.6 29.0 0 0.00 0 87 0.0 22 1 0 E 777 m 24.9 0.0 978 0 
28/05/16 13:17:33 23.6 68 17.4 0.0 2.5 180 0.0 0.0 1014.7 S 0 km/h C hPa mm 23.6 -0.4 21.7 164.5 0.0 24.9 67 23.6 +1.2 23.6 13:13 17.8 05:12 11.2 12:59 13.3 12:56 1016.3 00:02 1014.5 13:02 1.9.4 1099 12.2 23.6 29.0 0 0.00 0 84 0.0 22 1 0 E 777 m 26.1 0.0 979 0 
28/05/16 13:18:33 23.9 69 17.9 5.0 7.2 180 0.0 0.0 1014.7 S 1 km/h C hPa mm 23.7 -0.4 21.7 164.5 0.0 24.9 67 23.9 +1.2 23.9 13:18 17.8 05:12 11.2 12:59 13.3 12:56 1016.3 00:02 1014.5 13:02 1.9.4 1099 12.2 23.9 29.7 0 0.00 0 90 0.0 22 1 0 E 773 m 25.7 0.0 980 0 
28/05/16 13:19:33 23.9 68 17.7 3.6 7.2 135 0.0 0.0 1014.6 SE 1 km/h C hPa mm 23.8 -0.4 21.7 164.5 0.0 24.9 67 23.9 +1.3 23.9 13:18 17.8 05:12 11.2 12:59 13.3 12:56 1016.3 00:02 1014.5 13:02 1.9.4 1099 12.2 23.9 29.5 0 0.00 0 94 0.0 22 1 0 E 778 m 25.8 0.0 980 0 
28/05/16 13:20:33 24.0 67 17.5 5.0 8.6 180 0.0 0.0 1014.7 S 1 km/h C hPa mm 23.8 -0.4 21.7 164.5 0.0 24.9 67 24.0 +1.3 24.0 13:20 17.8 05:12 11.2 12:59 13.3 12:56 1016.3 00:02 1014.5 13:02 1.9.4 1099 11.2 24.0 29.5 0 0.00 0 101 0.0 22 1 0 E 808 m 25.6 0.0 981 0 
28/05/16 13:21:33 24.1 66 17.4 1.1 5.0 180 0.0 0.0 1014.6 S 1 km/h C hPa mm 23.8 -0.4 21.7 164.5 0.0 24.9 66 24.1 +1.4 24.1 13:20 17.8 05:12 11.2 12:59 13.3 12:56 1016.3 00:02 1014.5 13:02 1.9.4 1099 11.2 24.1 29.5 0 0.00 0 104 0.0 22 1 0 ESE 838 m 26.4 0.0 981 0 
28/05/16 13:22:33 24.5 67 18.0 3.6 5.0 180 0.0 0.0 1014.6 S 1 km/h C hPa mm 23.9 -0.4 21.7 164.5 0.0 24.9 66 24.5 +1.4 24.5 13:22 17.8 05:12 11.2 12:59 13.3 12:56 1016.3 00:02 1014.5 13:02 1.9.4 1099 11.2 24.5 30.4 0 0.00 0 114 0.0 22 1 0 ESE 865 m 26.6 0.0 981 0 
28/05/16 13:23:33 24.8 66 18.0 6.1 7.2 180 0.0 0.0 1014.8 S 2 km/h C hPa mm 24.0 -0.3 21.7 164.5 0.0 24.9 65 24.8 +1.4 24.8 13:23 17.8 05:12 11.2 12:59 13.3 12:56 1016.3 00:02 1014.5 13:02 1.9.4 1099 11.2 24.8 30.7 0 0.00 0 126 0.0 24 1 0 SE 843 m 26.4 0.0 982 0 
28/05/16 13:24:33 25.0 64 17.7 2.5 6.1 90 0.0 0.0 1014.6 E 1 km/h C hPa mm 24.1 -0.2 21.7 164.5 0.0 24.9 65 25.0 +1.5 25.0 13:24 17.8 05:12 11.2 12:59 13.3 12:56 1016.3 00:02 1014.5 13:02 1.9.4 1099 11.2 25.0 30.7 0 0.00 0 137 0.0 24 1 0 SE 905 m 27.2 0.0 982 0 
28/05/16 13:25:33 25.0 63 17.5 2.5 7.2 90 0.0 0.0 1014.7 E 1 km/h C hPa mm 24.1 -0.3 21.7 164.5 0.0 24.9 65 25.0 +1.6 25.0 13:24 17.8 05:12 11.2 12:59 13.3 12:56 1016.3 00:02 1014.5 13:02 1.9.4 1099 11.2 25.0 30.5 0 0.00 0 141 0.0 24 1 0 SE 936 m 27.1 0.0 983 0 
28/05/16 13:26:33 24.9 63 17.4 3.6 5.0 135 0.0 0.0 1014.8 SE 1 km/h C hPa mm 24.2 -0.3 21.7 164.5 0.0 24.9 65 24.9 +1.6 25.0 13:24 17.8 05:12 11.2 12:59 13.3 12:56 1016.3 00:02 1014.5 13:02 1.9.4 1099 12.2 24.9 30.3 0 0.00 0 142 0.0 24 1 0 SE 924 m 26.7 0.0 983 0 
28/05/16 13:27:33 24.7 63 17.2 3.6 7.2 180 0.0 0.0 1014.7 S 1 km/h C hPa mm 24.3 -0.2 21.7 164.5 0.0 24.9 65 24.7 +1.5 25.0 13:24 17.8 05:12 11.2 12:59 13.3 12:56 1016.3 00:02 1014.5 13:02 1.9.4 1099 12.2 24.7 30.0 0 0.00 0 146 0.0 24 1 0 SE 934 m 26.5 0.0 984 0 
28/05/16 13:28:33 24.6 64 17.4 11.2 17.3 135 0.0 0.0 1014.7 SE 2 km/h C hPa mm 24.4 -0.3 21.7 164.5 0.0 24.9 65 24.6 +1.5 25.0 13:24 17.8 05:12 11.2 12:59 17.3 13:28 1016.3 00:02 1014.5 13:02 1.9.4 1099 17.3 24.6 30.0 0 0.00 0 147 0.0 24 1 0 SSE 902 m 24.9 0.0 984 0 
28/05/16 13:29:33 24.5 64 17.3 8.6 13.3 180 0.0 0.0 1014.7 S 2 km/h C hPa mm 24.5 -0.3 21.7 164.5 0.0 24.9 65 24.5 +1.4 25.0 13:24 17.8 05:12 11.2 12:59 17.3 13:28 1016.3 00:02 1014.5 13:02 1.9.4 1099 17.3 24.5 29.8 0 0.00 0 149 0.0 24 1 0 SSE 902 m 25.3 0.0 984 0 
28/05/16 13:30:33 24.2 64 17.0 8.6 9.7 135 0.0 0.0 1014.9 SE 2 km/h C hPa mm 24.6 -0.2 21.7 164.5 0.0 25.0 65 24.2 +1.3 25.0 13:24 17.8 05:12 11.2 12:59 17.3 13:28 1016.3 00:02 1014.5 13:02 1.9.4 1099 17.3 24.2 29.4 0 0.00 0 145 0.0 24 1 0 SE 900 m 24.9 0.0 985 0 
28/05/16 13:31:33 23.9 66 17.2 2.5 6.1 180 0.0 0.0 1014.8 S 1 km/h C hPa mm 24.8 -0.2 21.7 164.5 0.0 25.0 65 23.9 +1.3 25.0 13:24 17.8 05:12 11.2 12:59 17.3 13:28 1016.3 00:02 1014.5 13:02 1.9.4 1099 17.3 23.9 29.2 0 0.00 0 142 0.0 24 1 0 SE 837 m 25.9 0.0 985 0 
28/05/16 13:32:33 23.9 66 17.2 3.6 7.2 315 0.0 0.0 1014.8 NW 1 km/h C hPa mm 24.8 -0.2 21.7 164.5 0.0 25.0 65 23.9 +1.2 25.0 13:24 17.8 05:12 11.2 12:59 17.3 13:28 1016.3 00:02 1014.5 13:02 1.9.4 1099 17.3 23.9 29.2 0 0.00 0 141 0.0 24 1 0 SE 837 m 25.6 0.0 985 0 
28/05/16 13:33:33 24.0 66 17.3 2.5 5.0 135 0.0 0.0 1014.8 SE 1 km/h C hPa mm 24.9 -0.2 21.7 164.5 0.0 25.0 64 24.0 +1.2 25.0 13:24 17.8 05:12 11.2 12:59 17.3 13:28 1016.3 00:02 1014.5 13:02 1.9.4 1099 17.3 24.0 29.4 0 0.00 0 137 0.0 24 1 0 SE 838 m 26.0 0.0 985 0 
28/05/16 13:34:33 24.3 66 17.6 6.1 8.6 135 0.0 0.0 1014.8 SE 2 km/h C hPa mm 25.0 -0.2 21.7 164.5 0.0 25.0 64 24.3 +1.3 25.0 13:24 17.8 05:12 11.2 12:59 17.3 13:28 1016.3 00:02 1014.5 13:02 1.9.4 1099 17.3 24.3 29.9 0 0.00 0 137 0.0 24 1 0 SE 863 m 25.7 0.0 986 0 
28/05/16 13:35:33 24.3 65 17.3 6.1 7.2 135 0.0 0.0 1014.7 SE 2 km/h C hPa mm 25.1 -0.2 21.7 164.5 0.0 25.0 64 24.3 +1.3 25.0 13:24 17.8 05:12 11.2 12:59 17.3 13:28 1016.3 00:02 1014.5 13:02 1.9.4 1099 17.3 24.3 29.7 0 0.00 0 141 0.0 24 1 0 SE 870 m 25.6 0.0 986 0 
28/05/16 13:36:33 24.3 65 17.3 6.1 8.6 90 0.0 0.0 1014.7 E 2 km/h C hPa mm 25.2 -0.3 21.7 164.5 0.0 24.9 65 24.3 +1.3 25.0 13:24 17.8 05:12 11.2 12:59 17.3 13:28 1016.3 00:02 1014.5 13:02 1.9.4 1099 17.3 24.3 29.7 0 0.00 0 143 0.0 24 1 0 SE 870 m 25.6 0.0 986 0 
28/05/16 13:37:33 24.3 64 17.1 11.2 14.8 135 0.0 0.0 1014.7 SE 2 km/h C hPa mm 25.4 -0.3 21.7 164.5 0.0 24.9 65 24.3 +1.3 25.0 13:24 17.8 05:12 11.2 12:59 17.3 13:28 1016.3 00:02 1014.5 13:02 1.9.4 1099 17.3 24.3 29.5 0 0.00 0 140 0.0 24 1 0 SE 900 m 24.5 0.0 986 0 
28/05/16 13:38:33 24.2 64 17.0 14.8 17.3 135 0.0 0.0 1014.7 SE 3 km/h C hPa mm 25.7 -0.2 21.7 164.5 0.0 25.0 65 24.2 +1.3 25.0 13:24 17.8 05:12 14.8 13:37 17.3 13:28 1016.3 00:02 1014.5 13:02 1.9.4 1099 17.3 24.2 29.4 0 0.00 0 139 0.0 24 1 0 SE 900 m 23.7 0.0 987 0 
28/05/16 13:39:33 23.6 65 16.7 12.2 18.4 90 0.0 0.0 1014.7 E 2 km/h C hPa mm 25.9 -0.3 21.7 164.5 0.0 25.0 65 23.6 +1.3 25.0 13:24 17.8 05:12 14.8 13:37 18.4 13:39 1016.3 00:02 1014.5 13:02 1.9.4 1099 18.4 23.6 28.5 0 0.00 0 131 0.0 24 1 0 SE 866 m 23.5 0.0 987 0 
28/05/16 13:40:33 23.4 66 16.7 9.7 15.8 45 0.0 0.0 1014.7 NE 2 km/h C hPa mm 26.1 -0.3 21.7 164.5 0.0 25.0 65 23.4 +1.1 25.0 13:24 17.8 05:12 14.8 13:37 18.4 13:39 1016.3 00:02 1014.5 13:02 1.9.4 1099 18.4 23.4 28.4 0 0.00 0 122 0.0 22 1 0 ESE 834 m 23.8 0.0 987 0 
28/05/16 13:41:33 23.2 67 16.8 11.2 14.8 90 0.0 0.0 1014.8 E 2 km/h C hPa mm 26.3 -0.2 21.7 164.5 0.0 25.0 65 23.2 +1.0 25.0 13:24 17.8 05:12 14.8 13:37 18.4 13:39 1016.3 00:02 1014.5 13:02 1.9.4 1099 18.4 23.2 28.2 0 0.00 0 114 0.0 22 1 0 ESE 804 m 23.3 0.0 987 0 
28/05/16 13:42:33 22.8 68 16.6 5.0 9.7 90 0.0 0.0 1014.6 E 1 km/h C hPa mm 26.4 -0.3 21.7 164.5 0.0 25.0 66 22.8 +0.9 25.0 13:24 17.8 05:12 14.8 13:37 18.4 13:39 1016.3 00:02 1014.5 13:02 1.9.4 1099 18.4 22.8 27.7 0 0.00 0 118 0.0 22 1 0 ESE 778 m 24.0 0.0 987 0 
28/05/16 13:43:34 22.8 68 16.6 5.0 12.2 225 0.0 0.0 1014.6 SW 1 km/h C hPa mm 26.5 -0.3 21.7 164.5 0.0 25.0 66 22.8 +0.8 25.0 13:24 17.8 05:12 14.8 13:37 18.4 13:39 1016.3 00:02 1014.5 13:02 1.9.4 1099 18.4 22.8 27.7 0 0.00 0 119 0.0 22 1 0 ESE 772 m 24.0 0.0 987 0 
28/05/16 13:44:33 22.9 69 16.9 5.0 12.2 45 0.0 0.0 1014.6 NE 1 km/h C hPa mm 26.6 -0.3 21.7 164.5 0.0 25.1 66 22.9 +0.8 25.0 13:24 17.8 05:12 14.8 13:37 18.4 13:39 1016.3 00:02 1014.5 13:02 1.9.4 1099 18.4 22.9 28.0 0 0.00 0 116 0.0 22 1 0 ESE 744 m 24.3 0.0 987 0 
28/05/16 13:45:33 22.9 69 16.9 5.0 12.2 45 0.0 0.0 1014.5 NE 1 km/h C hPa mm 26.7 -0.3 21.7 164.5 0.0 25.0 65 22.9 +0.9 25.0 13:24 17.8 05:12 14.8 13:37 18.4 13:39 1016.3 00:02 1014.5 13:02 1.9.4 1099 18.4 22.9 28.0 0 0.00 0 106 0.0 22 1 0 ESE 744 m 24.3 0.0 987 0 
28/05/16 13:46:33 23.5 70 17.7 6.1 12.2 135 0.0 0.0 1014.5 SE 2 km/h C hPa mm 26.7 -0.3 21.7 164.5 0.0 25.0 65 23.5 +1.0 25.0 13:24 17.8 05:12 14.8 13:37 18.4 13:39 1016.3 00:02 1014.5 13:02 1.9.4 1099 18.4 23.5 29.2 0 0.00 0 104 0.0 22 1 0 ESE 771 m 25.0 0.0 987 0 
28/05/16 13:47:33 23.7 69 17.7 8.6 12.2 90 0.0 0.0 1014.5 E 2 km/h C hPa mm 26.8 -0.4 21.7 164.5 0.0 25.1 64 23.7 +1.1 25.0 13:24 17.8 05:12 14.8 13:37 18.4 13:39 1016.3 00:02 1014.5 13:02 1.9.4 1099 18.4 23.7 29.4 0 0.00 0 104 0.0 22 1 0 ESE 748 m 24.7 0.0 988 0 
28/05/16 13:48:33 23.7 68 17.5 9.7 14.8 135 0.0 0.0 1014.5 SE 2 km/h C hPa mm 27.0 -0.3 21.7 164.5 0.0 25.1 64 23.7 +1.1 25.0 13:24 17.8 05:12 14.8 13:37 18.4 13:39 1016.3 00:02 1014.5 13:02 1.9.4 1099 18.4 23.7 29.2 0 0.00 0 100 0.0 22 1 0 E 777 m 24.4 0.0 988 0 
28/05/16 13:49:33 23.7 67 17.2 8.6 12.2 135 0.0 0.0 1014.4 SE 2 km/h C hPa mm 27.1 -0.4 21.7 164.5 0.0 25.1 64 23.7 +1.1 25.0 13:24 17.8 05:12 14.8 13:37 18.4 13:39 1016.3 00:02 1014.4 13:48 1.9.4 1099 18.4 23.7 29.0 0 0.00 0 100 0.0 22 1 0 E 806 m 24.5 0.0 988 0 
28/05/16 13:50:33 23.5 67 17.0 9.7 14.8 135 0.0 0.0 1014.6 SE 2 km/h C hPa mm 27.3 -0.3 21.7 164.5 0.0 25.1 65 23.5 +1.1 25.0 13:24 17.8 05:12 14.8 13:37 18.4 13:39 1016.3 00:02 1014.4 13:48 1.9.4 1099 15.8 23.5 28.7 0 0.00 0 110 0.0 22 1 0 ESE 793 m 24.0 0.0 988 0 
28/05/16 13:51:33 23.3 67 16.8 8.6 13.3 158 0.0 0.0 1014.6 SSE 2 km/h C hPa mm 27.5 -0.3 21.7 164.5 0.0 25.1 65 23.3 +1.0 25.0 13:24 17.8 05:12 14.8 13:37 18.4 13:39 1016.3 00:02 1014.4 13:48 1.9.4 1099 14.8 23.3 28.4 0 0.00 0 123 0.0 22 1 0 ESE 804 m 23.9 0.0 988 0 
28/05/16 13:52:33 23.2 67 16.8 11.2 13.3 135 0.0 0.0 1014.5 SE 2 km/h C hPa mm 27.6 -0.2 21.7 164.5 0.0 25.1 65 23.2 +0.9 25.0 13:24 17.8 05:12 14.8 13:37 18.4 13:39 1016.3 00:02 1014.4 13:48 1.9.4 1099 14.8 23.2 28.2 0 0.00 0 120 0.0 22 1 0 ESE 804 m 23.3 0.0 987 0 
28/05/16 13:53:33 23.1 68 16.9 9.7 14.8 90 0.0 0.0 1014.6 E 2 km/h C hPa mm 27.8 -0.2 21.7 164.5 0.0 25.1 66 23.1 +0.9 25.0 13:24 17.8 05:12 14.8 13:37 18.4 13:39 1016.3 00:02 1014.4 13:48 1.9.4 1099 14.8 23.1 28.2 0 0.00 0 117 0.0 22 1 0 ESE 774 m 23.5 0.0 987 0 
28/05/16 13:54:33 22.9 68 16.7 7.2 13.3 90 0.0 0.0 1014.5 E 2 km/h C hPa mm 27.9 -0.2 21.7 164.5 0.0 25.1 66 22.9 +0.9 25.0 13:24 17.8 05:12 14.8 13:37 18.4 13:39 1016.3 00:02 1014.4 13:48 1.9.4 1099 14.8 22.9 27.9 0 0.00 0 115 0.0 22 1 0 ESE 749 m 23.8 0.0 987 0 
28/05/16 13:55:33 22.8 69 16.8 9.7 13.3 45 0.0 0.0 1014.6 NE 2 km/h C hPa mm 28.0 -0.3 21.7 164.5 0.0 25.1 66 22.8 +0.8 25.0 13:24 17.8 05:12 14.8 13:37 18.4 13:39 1016.3 00:02 1014.4 13:48 1.9.4 1099 14.8 22.8 27.9 0 0.00 0 116 0.0 22 1 0 ESE 744 m 23.2 0.0 987 0 
28/05/16 13:56:33 22.8 69 16.8 7.2 14.8 90 0.0 0.0 1014.6 E 2 km/h C hPa mm 28.2 -0.3 21.7 164.5 0.0 25.2 66 22.8 +0.7 25.0 13:24 17.8 05:12 14.8 13:37 18.4 13:39 1016.3 00:02 1014.4 13:48 1.9.4 1099 14.8 22.8 27.9 0 0.00 0 113 0.0 22 1 0 ESE 744 m 23.7 0.0 987 0 
28/05/16 13:57:33 23.0 70 17.3 11.2 13.3 90 0.0 0.0 1014.6 E 2 km/h C hPa mm 28.4 -0.2 21.7 164.5 0.0 25.2 66 23.0 +0.7 25.0 13:24 17.8 05:12 14.8 13:37 18.4 13:39 1016.3 00:02 1014.4 13:48 1.9.4 1099 14.8 23.0 28.3 0 0.00 0 110 0.0 22 1 0 ESE 716 m 23.3 0.0 987 0 
28/05/16 13:58:33 23.0 69 17.0 6.1 12.2 90 0.0 0.0 1014.6 E 2 km/h C hPa mm 28.5 -0.3 21.7 164.5 0.0 25.2 66 23.0 +0.8 25.0 13:24 17.8 05:12 14.8 13:37 18.4 13:39 1016.3 00:02 1014.4 13:48 1.9.4 1099 14.8 23.0 28.2 0 0.00 0 111 0.0 22 1 0 ESE 733 m 24.2 0.0 987 0 
28/05/16 13:59:33 23.1 69 17.1 7.2 12.2 135 0.0 0.0 1014.4 SE 2 km/h C hPa mm 28.6 -0.2 21.7 164.5 0.0 25.2 66 23.1 +0.7 25.0 13:24 17.8 05:12 14.8 13:37 18.4 13:39 1016.3 00:02 1014.4 13:48 1.9.4 1099 14.8 23.1 28.4 0 0.00 0 107 0.0 22 1 0 ESE 745 m 24.1 0.0 987 0 
28/05/16 14:00:33 23.1 69 17.1 7.2 12.2 135 0.0 0.0 1014.6 SE 2 km/h C hPa mm 28.7 -0.2 21.7 164.5 0.0 25.2 66 23.1 +0.7 25.0 13:24 17.8 05:12 14.8 13:37 18.4 13:39 1016.3 00:02 1014.4 13:48 1.9.4 1099 14.8 23.1 28.4 0 0.00 0 107 0.0 22 1 0 ESE 745 m 24.1 0.0 986 0 
28/05/16 14:01:33 23.1 69 17.1 7.2 12.2 135 0.0 0.0 1014.7 SE 2 km/h C hPa mm 28.9 -0.1 21.7 164.5 0.0 25.2 66 23.1 +0.7 25.0 13:24 17.8 05:12 14.8 13:37 18.4 13:39 1016.3 00:02 1014.4 13:48 1.9.4 1099 14.8 23.1 28.4 0 0.00 0 106 0.0 14 1 0 ESE 745 m 24.1 0.0 986 0 
